131072
938 4719.206251
4520 4457.066858
7207 4260.462313
10084 4049.914184
12713 3857.492715
14838 3702.021745
16086 3610.691265
18639 3423.847230
21116 3242.580628
23851 3042.490187
25089 2951.856887
27080 2806.146426
29729 2612.330599
32387 2417.817592
37436 2048.312596
40066 1855.891127
42743 1659.983762
45382 1466.865113
48030 1273.049286
50603 1084.810892
53280 888.903526
54518 798.270226
55852 700.665133
58472 508.940843
60568 355.561411
62426 219.611459
63788 119.914829
67751 -170.111734
70324 -358.350127
72896 -546.588521
75544 -740.404349
78155 -931.431460
80756 -1121.761391
83404 -1315.577219
84719 -1411.787954
87301 -1600.723527
89959 -1795.236534
92512 -1982.080569
95142 -2174.502038
97724 -2363.437611
100401 -2559.344977
103021 -2751.069267
105660 -2944.187915
106993 -3041.793008
108184 -3128.940413
111662 -3383.410834
114224 -3570.952048
116911 -3767.556593
119579 -3962.766779
122227 -4156.582607
124142 -4296.715634
126448 -4465.433009
129172 -4664.826270
