P 0
2351.947263   2342.507201
2260.034722   2245.911219
2161.609271   2149.095700
2063.842428   2054.987797
1967.173268   1958.977245
1870.211392   1863.405766
1774.420376   1767.322035
1581.521127   1575.374110
1486.169184   1478.924486
1390.451348   1382.548040
1295.099405   1285.878879
1201.137859   1189.063361
1115.811408   1091.516055
1051.706802   1040.510449
1020.313108   994.407821
955.403535   943.694931
923.058517   897.738661
858.588016   848.855239
827.779752   804.435723
720.938742   709.303317
623.537794   613.951374
526.356381   518.745789
430.053114   423.027952
333.823026   327.456473
237.666117   231.519100
141.801923   134.849939
47.035410   33.204622
13.739068   -29.363230
-49.853287   -56.585734
-145.937018   -152.230392
-241.728033   -248.167765
-337.519049   -344.178317
-433.090528   -440.481584
-528.515650   -537.297102
-623.355341   -633.673548
-717.682781   -732.025821
-773.005934   -781.201957
-812.961545   -828.694981
-868.723771   -878.602906
-898.653890   -923.827388
-964.587965   -973.881670
-995.103514   -1020.935621
-1060.818053   -1069.745864
-1099.602804   -1114.531274
-1197.808719   -1208.712356
-1295.429204   -1304.503372
-1391.732471   -1399.050348
-1487.669844   -1494.621827
-1583.680395   -1590.266485
-1679.617768   -1686.130679
-1774.969711   -1782.433946
-1870.614369   -1878.590856
-1966.112670   -1974.820944
-2059.854680   -2072.221892
-2156.743377   -2167.647014
-2248.290023   -2263.950281
-2349.057195   -2358.277721
-2445.653177   -2453.776021
