  1097.6     16.00     14.00
   804.7     35.83     33.83
   784.3     50.00     48.00
   701.6    -12.33    -14.33
   694.6     10.33      8.33
   675.2     -1.00     -3.00
   601.9     38.67     36.67
   592.1     33.00     31.00
   588.9     18.83     16.83
   564.1     13.17     11.17
   545.3      1.83     -0.17
   539.9     21.67     19.67
   518.8     41.50     39.50
   504.8    -15.17    -17.17
   482.3     44.33     42.33
   458.9     47.17     45.17
   430.8     -3.83     -5.83
   423.7    -18.00    -20.00
   414.4     -6.67     -8.67
   414.4     -9.50    -11.50
   342.0     30.17     28.17
   315.6      7.50      5.50
   304.6      4.67      2.67
   286.1     27.33     25.33
   245.8     24.50     22.50
