##TITLE= /opt/topspin4.1.4/exp/stan/nmr/lists/wave/user/lpcos
##USAGE= ss double freq sweep-80, sweep of -     0 Hz at offsets centered at    200 and   -200 kHz in 20.000 us
##JCAMP-DX= 5.00 $$ Bruker JCAMP library
##DATA TYPE= Shape Data
##ORIGIN= Bruker Analytik GmbH
##DATE= 13/06/2023
##TIME= 10:26:22
##$SHAPE_PARAMETERS= Type : ssDFS ; cutoff:80 ; sweep:    -0 Hz ; offset:   200 kHz ; pulse length:20.000 us
##MINX= -1.000000e+02
##MAXX= 1.000000e+02
##MINY= 0.000000e+00
##MAXY= 0.000000e+00
##$SHAPE_EXMODE= None
##$SHAPE_TOTROT= 0.000000e+00
##$SHAPE_BWFAC= 0.000000e+00
##$SHAPE_INTEGFAC= 7.460936e-01
##$SHAPE_MODE= 1
##NPOINTS= 400
##XYPOINTS= (XY..XY)0.0, 0.0
0.245344784581, 0.0
0.970054311389, 0.0
2.14349070196, 0.0
3.71782919258, 0.0
5.62984864253, 0.0
7.80327572941, 0.0
10.1515755781, 0.0
12.5810630796, 0.0
14.9941976035, 0.0
17.2929196623, 0.0
19.3818913534, 0.0
21.1715126235, 0.0
22.5806017066, 0.0
23.5386492733, 0.0
23.9875804519, 0.0
23.8829853618, 0.0
23.1948055389, 0.0
21.9074891208, 0.0
20.0196505593, 0.0
17.543289872, 0.0
14.5026412575, 0.0
10.9327308518, 0.0
6.87772838862, 0.0
2.38917775837, 0.0
2.47581258705, 180.0
7.65634608277, 180.0
13.0894184613, 180.0
18.7114515127, 180.0
24.4596428205, 180.0
30.2731074455, 180.0
36.0938002319, 180.0
41.8672188593, 180.0
47.5428975036, 180.0
53.0747087176, 180.0
58.4209967768, 180.0
63.5445692694, 180.0
68.4125753003, 180.0
72.9962985546, 180.0
77.270891933, 180.0
81.2150778596, 180.0
84.810835021, 180.0
88.0430885331, 180.0
90.8994166532, 180.0
93.3697833829, 180.0
95.4463028445, 180.0
97.1230382795, 180.0
98.3958359984, 180.0
99.2621926304, 180.0
99.7211525797, 180.0
99.7732316458, 180.0
99.4203622517, 180.0
98.6658555749, 180.0
97.5143760105, 180.0
95.9719237413, 180.0
94.0458216702, 180.0
91.744703533, 180.0
89.0785005918, 180.0
86.0584248865, 180.0
82.6969475507, 180.0
79.0077711747, 180.0
75.0057955998, 180.0
70.7070768658, 180.0
66.128779294, 180.0
61.2891208939, 180.0
56.2073124247, 180.0
50.9034905471, 180.0
45.3986455624, 180.0
39.7145442739, 180.0
33.8736485167, 180.0
27.8990299077, 180.0
21.8142813531, 180.0
15.6434258395, 180.0
9.41082301727, 180.0
3.14107406461, 180.0
3.14107469222, 0.0
9.41082894704, 0.0
15.6434439269, 0.0
21.8143218203, 0.0
27.8991087036, 0.0
33.8737905574, 0.0
39.7147879779, 0.0
45.3990491967, 0.0
50.9041410334, 0.0
56.2083374164, 0.0
61.2907051193, 0.0
66.1311863712, 0.0
70.7106780149, 0.0
75.0111068974, 0.0
79.0155011966, 0.0
82.7080574023, 0.0
86.0742026851, 0.0
89.1006524097, 0.0
91.775462563, 0.0
94.0880768923, 0.0
96.0293685659, 0.0
97.5916761929, 0.0
98.7688340589, 0.0
99.55619646, 0.0
99.9506560364, 0.0
99.9506560365, 0.0
99.5561964603, 0.0
98.7688340595, 0.0
97.5916761939, 0.0
96.0293685677, 0.0
94.0880768954, 0.0
91.7754625684, 0.0
89.1006524188, 0.0
86.0742027004, 0.0
82.7080574275, 0.0
79.0155012376, 0.0
75.011106963, 0.0
70.7106781187, 0.0
66.1311865324, 0.0
61.2907053653, 0.0
56.2083377852, 0.0
50.904141575, 0.0
45.399049974, 0.0
39.7147890635, 0.0
33.8737920245, 0.0
27.8991106039, 0.0
21.8143241397, 0.0
15.643446504, 0.0
9.41083133185, 0.0
3.14107590781, 0.0
3.14107590781, 180.0
9.41083133185, 180.0
15.643446504, 180.0
21.8143241397, 180.0
27.8991106039, 180.0
33.8737920245, 180.0
39.7147890635, 180.0
45.399049974, 180.0
50.904141575, 180.0
56.2083377852, 180.0
61.2907053653, 180.0
66.1311865324, 180.0
70.7106781187, 180.0
75.011106963, 180.0
79.0155012376, 180.0
82.7080574275, 180.0
86.0742027004, 180.0
89.1006524188, 180.0
91.7754625684, 180.0
94.0880768954, 180.0
96.0293685677, 180.0
97.5916761939, 180.0
98.7688340595, 180.0
99.5561964603, 180.0
99.9506560366, 180.0
99.9506560366, 180.0
99.5561964603, 180.0
98.7688340595, 180.0
97.5916761939, 180.0
96.0293685677, 180.0
94.0880768954, 180.0
91.7754625684, 180.0
89.1006524188, 180.0
86.0742027004, 180.0
82.7080574275, 180.0
79.0155012376, 180.0
75.011106963, 180.0
70.7106781187, 180.0
66.1311865324, 180.0
61.2907053653, 180.0
56.2083377852, 180.0
50.904141575, 180.0
45.399049974, 180.0
39.7147890635, 180.0
33.8737920245, 180.0
27.8991106039, 180.0
21.8143241397, 180.0
15.643446504, 180.0
9.41083133185, 180.0
3.14107590781, 180.0
3.14107590781, 0.0
9.41083133185, 0.0
15.643446504, 0.0
21.8143241397, 0.0
27.8991106039, 0.0
33.8737920245, 0.0
39.7147890635, 0.0
45.399049974, 0.0
50.904141575, 0.0
56.2083377852, 0.0
61.2907053653, 0.0
66.1311865324, 0.0
70.7106781187, 0.0
75.011106963, 0.0
79.0155012376, 0.0
82.7080574275, 0.0
86.0742027004, 0.0
89.1006524188, 0.0
91.7754625684, 0.0
94.0880768954, 0.0
96.0293685677, 0.0
97.5916761939, 0.0
98.7688340595, 0.0
99.5561964603, 0.0
99.9506560366, 0.0
99.9506560366, 0.0
99.5561964603, 0.0
98.7688340595, 0.0
97.5916761939, 0.0
96.0293685677, 0.0
94.0880768954, 0.0
91.7754625684, 0.0
89.1006524188, 0.0
86.0742027004, 0.0
82.7080574275, 0.0
79.0155012376, 0.0
75.011106963, 0.0
70.7106781187, 0.0
66.1311865324, 0.0
61.2907053653, 0.0
56.2083377852, 0.0
50.904141575, 0.0
45.399049974, 0.0
39.7147890635, 0.0
33.8737920245, 0.0
27.8991106039, 0.0
21.8143241397, 0.0
15.643446504, 0.0
9.41083133185, 0.0
3.14107590781, 0.0
3.14107590781, 180.0
9.41083133185, 180.0
15.643446504, 180.0
21.8143241397, 180.0
27.8991106039, 180.0
33.8737920245, 180.0
39.7147890635, 180.0
45.399049974, 180.0
50.904141575, 180.0
56.2083377852, 180.0
61.2907053653, 180.0
66.1311865324, 180.0
70.7106781187, 180.0
75.011106963, 180.0
79.0155012376, 180.0
82.7080574275, 180.0
86.0742027004, 180.0
89.1006524188, 180.0
91.7754625684, 180.0
94.0880768954, 180.0
96.0293685677, 180.0
97.5916761939, 180.0
98.7688340595, 180.0
99.5561964603, 180.0
99.9506560366, 180.0
99.9506560366, 180.0
99.5561964603, 180.0
98.7688340595, 180.0
97.5916761939, 180.0
96.0293685677, 180.0
94.0880768954, 180.0
91.7754625684, 180.0
89.1006524188, 180.0
86.0742027004, 180.0
82.7080574275, 180.0
79.0155012376, 180.0
75.011106963, 180.0
70.7106781187, 180.0
66.1311865324, 180.0
61.2907053653, 180.0
56.2083377852, 180.0
50.904141575, 180.0
45.399049974, 180.0
39.7147890635, 180.0
33.8737920245, 180.0
27.8991106039, 180.0
21.8143241397, 180.0
15.643446504, 180.0
9.41083133185, 180.0
3.14107590781, 180.0
3.14107590781, 0.0
9.41083133185, 0.0
15.643446504, 0.0
21.8143241397, 0.0
27.8991106039, 0.0
33.8737920245, 0.0
39.7147890635, 0.0
45.399049974, 0.0
50.904141575, 0.0
56.2083377852, 0.0
61.2907053653, 0.0
66.1311865324, 0.0
70.7106781187, 0.0
75.011106963, 0.0
79.0155012376, 0.0
82.7080574275, 0.0
86.0742027004, 0.0
89.1006524188, 0.0
91.7754625684, 0.0
94.0880768954, 0.0
96.0293685677, 0.0
97.5916761939, 0.0
98.7688340595, 0.0
99.5561964603, 0.0
99.9506560365, 0.0
99.9506560365, 0.0
99.5561964601, 0.0
98.7688340592, 0.0
97.5916761933, 0.0
96.0293685667, 0.0
94.0880768937, 0.0
91.7754625654, 0.0
89.1006524136, 0.0
86.0742026916, 0.0
82.7080574128, 0.0
79.0155012135, 0.0
75.0111069241, 0.0
70.7106780567, 0.0
66.1311864354, 0.0
61.290705216, 0.0
56.2083375596, 0.0
50.904141241, 0.0
45.3990494909, 0.0
39.7147883836, 0.0
33.8737910986, 0.0
27.8991093955, 0.0
21.8143226538, 0.0
15.6434448408, 0.0
9.41082978148, 0.0
3.14107511183, 0.0
3.14107469222, 180.0
9.41082580951, 180.0
15.6434326829, 180.0
21.8142953236, 180.0
27.8990558826, 180.0
33.8736940469, 180.0
39.71462081, 180.0
45.3987701484, 180.0
50.9036881246, 180.0
56.2076189203, 180.0
61.2895872915, 180.0
66.1294769261, 180.0
70.7081041824, 180.0
75.0072866919, 180.0
79.0099063324, 180.0
82.6999661229, 180.0
86.0626406615, 180.0
89.0843198422, 180.0
91.7526457414, 180.0
94.056542775, 180.0
95.9862415028, 180.0
97.5332967941, 180.0
98.6906014757, 180.0
99.4523970549, 180.0
99.8142836284, 180.0
99.7732316458, 180.0
99.3275987487, 180.0
98.4771554245, 180.0
97.2231236403, 180.0
95.5682328975, 180.0
93.5167981979, 180.0
91.0748241714, 180.0
88.2501389982, 180.0
85.0525607056, 180.0
81.4940968759, 180.0
77.5891767348, 180.0
73.354912, 180.0
68.8113798066, 180.0
63.9819175649, 180.0
58.8934159037, 180.0
53.5765920952, 180.0
48.0662227895, 180.0
42.4013118164, 180.0
36.6251665316, 180.0
30.7853550594, 180.0
24.9335171077, 180.0
19.1250031014, 180.0
13.4183204063, 180.0
7.87437150374, 180.0
2.55547712784, 180.0
2.47581258705, 0.0
7.15810428202, 0.0
11.4327175063, 0.0
15.2453702879, 0.0
18.5479407889, 0.0
21.3002400322, 0.0
23.4717211026, 0.0
25.0430435828, 0.0
26.0074090897, 0.0
26.3715852384, 0.0
26.1565416064, 0.0
25.397632423, 0.0
24.1442765921, 0.0
22.4591057564, 0.0
20.4165745878, 0.0
18.1010532126, 0.0
15.6044482726, 0.0
13.0234250605, 0.0
10.4563268527, 0.0
7.99990745149, 0.0
5.746007657, 0.0
3.77831478139, 0.0
2.16934564203, 0.0
0.977787360977, 0.0
0.246316884794, 0.0
##END