##TITLE= /opt/topspin4.1.4/exp/stan/nmr/lists/wave/user/ssDFS
##USAGE= ss double freq sweep-80, sweep of - 50000 Hz at offsets centered at    200 and   -200 kHz in 2000.000 us
##JCAMP-DX= 5.00 $$ Bruker JCAMP library
##DATA TYPE= Shape Data
##ORIGIN= Bruker Analytik GmbH
##DATE= 13/06/2023
##TIME= 10:25:13
##$SHAPE_PARAMETERS= Type : ssDFS ; cutoff:80 ; sweep:-50000 Hz ; offset:   200 kHz ; pulse length:2000.000 us
##MINX= -1.000000e+02
##MAXX= 1.000000e+02
##MINY= 0.000000e+00
##MAXY= 0.000000e+00
##$SHAPE_EXMODE= None
##$SHAPE_TOTROT= 0.000000e+00
##$SHAPE_BWFAC= 0.000000e+00
##$SHAPE_INTEGFAC= 7.460936e-01
##$SHAPE_MODE= 1
##NPOINTS= 4000
##XYPOINTS= (XY..XY)0.0, 0.0
0.00120570494444, 0.0
0.00192418221129, 180.0
0.0174339997624, 180.0
0.0394408733641, 180.0
0.0453077072694, 180.0
0.0105089733471, 180.0
0.0670186619014, 0.0
0.151804984785, 0.0
0.181469128207, 0.0
0.103658105265, 0.0
0.0801748716451, 180.0
0.294300159155, 180.0
0.413417759664, 180.0
0.328949065357, 180.0
0.0243452163546, 180.0
0.387182403733, 0.0
0.696064130322, 0.0
0.697347746424, 0.0
0.313143060063, 0.0
0.332322699061, 180.0
0.939441220762, 180.0
1.16661168304, 180.0
0.813863980634, 180.0
0.0387820687921, 0.0
1.0243996105, 0.0
1.63994012972, 0.0
1.49687670128, 0.0
0.549424031458, 0.0
0.827880662447, 180.0
1.9775061426, 180.0
2.26748794977, 180.0
1.42900039504, 180.0
0.253559105498, 0.0
2.01999762592, 0.0
2.9716138837, 0.0
2.52196812547, 0.0
0.737776954283, 0.0
1.62091695928, 180.0
3.41555622992, 180.0
3.67352438914, 180.0
2.10427168189, 180.0
0.682394984194, 0.0
3.39794912646, 0.0
4.66549678515, 0.0
3.71111875481, 0.0
0.811967303181, 0.0
2.74946800666, 180.0
5.24511441665, 180.0
5.33483589498, 180.0
2.77393660974, 180.0
1.3739516796, 0.0
5.16600297965, 0.0
6.68535539043, 0.0
5.00294753223, 0.0
0.716445170332, 0.0
4.23574525055, 180.0
7.4446267635, 180.0
7.19763216267, 180.0
3.3793262745, 180.0
2.36248139139, 0.0
7.31737425639, 0.0
8.98747461992, 0.0
6.33924124695, 0.0
0.407770805933, 0.0
6.0870032652, 180.0
9.9821516306, 180.0
9.20736452236, 180.0
3.87088498541, 180.0
3.66787893455, 0.0
9.83282401285, 0.0
11.5236984513, 0.0
7.66743516936, 0.0
0.144679946688, 180.0
8.29692414134, 180.0
12.8181096916, 180.0
11.3114563087, 180.0
4.20953191981, 180.0
5.29633558675, 0.0
12.6829668705, 0.0
14.2442189701, 0.0
8.94249571608, 0.0
0.958652693701, 180.0
10.8473706023, 180.0
15.907951795, 180.0
13.4615490915, 180.0
4.36738321478, 180.0
7.24146917621, 0.0
15.8306593695, 0.0
17.1000182126, 0.0
10.1282073468, 0.0
2.03949709215, 180.0
13.7103661172, 180.0
19.2046292291, 180.0
15.6152322625, 180.0
4.32789935865, 180.0
9.48580225966, 0.0
19.2333423949, 0.0
20.0449002643, 0.0
11.197894997, 0.0
3.38108725858, 180.0
16.8501727077, 180.0
22.6607799918, 180.0
17.7372543909, 180.0
4.08554018686, 180.0
12.0024646365, 0.0
22.8452345727, 0.0
23.037081782, 0.0
12.1346357998, 0.0
4.96706897958, 180.0
20.2253542867, 180.0
26.2305732792, 180.0
19.8002404399, 180.0
3.6450198652, 180.0
14.7570066136, 0.0
26.6192984746, 0.0
26.0403361545, 0.0
12.9310295703, 0.0
6.7723258653, 180.0
23.7907334111, 180.0
29.8711810572, 180.0
21.7849588433, 180.0
3.02025772224, 180.0
17.7092237543, 0.0
30.5089261068, 0.0
29.0247090486, 0.0
13.5886068466, 0.0
8.76456478925, 180.0
27.4991706089, 180.0
33.5438691082, 180.0
23.6801965432, 180.0
2.23311868334, 180.0
20.8149107448, 0.0
34.4693131545, 0.0
31.9668406645, 0.0
14.1169568694, 0.0
10.9059328232, 180.0
31.3031165306, 180.0
37.2147196238, 180.0
25.4823086359, 180.0
1.31203051557, 180.0
24.0274800723, 0.0
38.4585118311, 0.0
34.8499425858, 0.0
14.5326565874, 0.0
13.154592063, 180.0
35.1559069482, 180.0
40.855012853, 180.0
27.1945128552, 180.0
0.290555305129, 180.0
27.2993992109, 0.0
42.4381693034, 0.0
37.6634848995, 0.0
14.8580765991, 0.0
15.4661940302, 180.0
39.0127882244, 180.0
44.4413064741, 180.0
28.825998455, 180.0
0.79401929616, 0.0
30.583416979, 0.0
46.3739722081, 0.0
40.4026527587, 0.0
15.1201318852, 0.0
17.7952106925, 180.0
42.831675776, 180.0
47.9552584357, 180.0
30.3909149902, 180.0
1.90201646243, 0.0
33.8335649577, 0.0
50.2358276929, 0.0
43.0676313886, 0.0
15.3490352419, 0.0
20.0960937317, 180.0
46.5736599628, 180.0
51.3832424174, 180.0
31.9072999002, 180.0
2.99259474472, 0.0
37.0059328614, 0.0
53.9978178887, 0.0
45.6627754228, 0.0
15.5771003663, 0.0
22.3242468958, 180.0
50.2032827188, 180.0
54.7158053303, 180.0
33.3959955066, 180.0
4.02483387154, 0.0
40.059227301, 0.0
57.6379680805, 0.0
48.1957131297, 0.0
15.8376303547, 0.0
24.436807686, 180.0
53.6886142448, 180.0
57.9470140177, 180.0
34.8795968157, 180.0
4.95866637981, 0.0
42.9551314265, 0.0
61.1378695599, 0.0
50.6764292754, 0.0
16.1639165513, 0.0
26.3932440429, 180.0
57.0011624782, 180.0
61.0737341689, 180.0
36.3814620197, 180.0
5.75564970912, 0.0
45.6584885894, 0.0
64.4821967118, 0.0
53.1163627248, 0.0
16.5883627115, 0.0
28.1557790439, 180.0
60.115649239, 180.0
64.0948790225, 180.0
37.9248083622, 180.0
6.37958180437, 0.0
48.1373366571, 0.0
67.6581548678, 0.0
55.527546971, 0.0
17.1417406414, 0.0
29.6896619965, 180.0
63.0096863347, 180.0
67.0106592886, 180.0
39.5319074901, 180.0
6.79696997637, 0.0
50.3628212436, 0.0
70.6548913411, 0.0
57.9218140795, 0.0
17.8525760301, 0.0
30.9633078629, 180.0
65.6633829442, 180.0
69.821859336, 180.0
41.2233868404, 180.0
6.97736780631, 0.0
52.3090162365, 0.0
73.4628973395, 0.0
60.3100754086, 0.0
18.7466571984, 0.0
31.948328933, 180.0
68.0589127118, 180.0
72.5291584845, 180.0
43.0176372067, 180.0
6.89359836701, 0.0
53.952678965, 0.0
76.0734235279, 0.0
62.7016861734, 0.0
19.8466549275, 0.0
32.6194833267, 180.0
70.1800655628, 180.0
75.132510531, 180.0
44.9303214752, 180.0
6.52188414175, 0.0
55.2729654915, 0.0
78.4779272336, 0.0
65.1038956433, 0.0
21.1718383351, 0.0
32.9545645416, 180.0
72.0118056275, 180.0
77.6305896418, 180.0
46.9739756367, 180.0
5.84190494988, 0.0
56.2511291463, 0.0
80.6675649036, 0.0
67.5213805802, 0.0
22.7378698184, 0.0
32.9342551193, 180.0
73.5398531161, 180.0
80.0203066227, 180.0
49.1576905193, 180.0
4.83680514301, 0.0
56.8702228125, 0.0
82.6327396371, 0.0
69.9558564714, 0.0
24.5566612303, 0.0
32.541965828, 180.0
74.7503047131, 180.0
82.2963963974, 180.0
51.4868611711, 180.0
3.49317051523, 0.0
57.114822813, 0.0
84.3627105272, 0.0
72.4057591458, 0.0
26.6362735478, 0.0
31.7636797419, 180.0
75.6293042152, 180.0
84.4510753124, 180.0
53.9629903287, 180.0
1.80099395302, 0.0
56.9707897184, 0.0
85.8452682221, 0.0
74.865988425, 0.0
28.9808431767, 0.0
30.5878184, 180.0
76.1627727845, 180.0
86.4737655955, 180.0
56.5835328228, 180.0
0.246353013327, 180.0
56.4250790701, 0.0
87.0664795418, 0.0
77.3277054429, 0.0
31.5905195664, 0.0
29.0051449549, 180.0
76.3362063644, 180.0
88.3508838675, 180.0
59.3417689566, 180.0
2.65212778523, 180.0
55.4656129498, 0.0
88.0105031249, 0.0
79.7781760639, 0.0
34.4614008696, 0.0
27.0087169477, 180.0
76.1345464858, 180.0
90.0656909303, 180.0
62.2266967282, 180.0
5.41619085622, 180.0
54.0812215333, 0.0
88.6594778454, 0.0
82.2006543069, 0.0
37.5854568542, 0.0
24.5938991019, 180.0
75.5421298105, 180.0
91.5982010149, 180.0
65.2229351223, 180.0
8.53493662303, 180.0
52.2616622007, 0.0
88.9934860188, 0.0
84.5743017057, 0.0
40.9504310861, 0.0
21.7584443059, 180.0
74.5427212334, 180.0
92.9251501331, 180.0
68.3106334745, 180.0
12.0011736688, 180.0
49.9977223827, 0.0
88.9905940903, 0.0
86.8741409895, 0.0
44.5397174701, 0.0
18.5026487349, 180.0
73.1196350801, 180.0
94.0200249976, 180.0
71.4653849888, 180.0
15.8039502272, 180.0
47.2814110124, 0.0
88.6269744157, 0.0
89.0710452023, 0.0
48.3322095167, 0.0
14.8295847957, 180.0
71.255948766, 180.0
94.8531560058, 180.0
74.6581457919, 180.0
19.9283235601, 180.0
44.1062421355, 0.0
87.877112764, 0.0
91.1317662828, 0.0
52.3021241411, 0.0
10.7454132027, 180.0
68.9348130936, 180.0
95.3918798833, 180.0
77.85516433, 180.0
24.3550751435, 180.0
40.4676127923, 0.0
86.7141071421, 0.0
93.0190100625, 0.0
56.4188053579, 0.0
6.25977295771, 180.0
66.1398630237, 180.0
95.6007795974, 180.0
81.0179293748, 180.0
29.0603768797, 180.0
36.3632756351, 0.0
85.1100643141, 0.0
94.6915674961, 0.0
60.6465168705, 0.0
1.38624524616, 180.0
62.8557321249, 180.0
95.4420109511, 180.0
84.1031483095, 180.0
34.0154170237, 180.0
31.7939047707, 0.0
83.0366008152, 0.0
96.1045145717, 0.0
64.9442362166, 0.0
3.85711577562, 0.0
59.0686728689, 180.0
94.8757266894, 180.0
87.062770629, 180.0
39.1859981472, 180.0
26.7637509453, 0.0
80.4654552132, 0.0
97.2094956566, 0.0
69.2654667596, 0.0
9.44719566623, 0.0
54.76728338, 180.0
93.8606098832, 180.0
89.8440745919, 180.0
44.532123221, 180.0
21.2813793466, 0.0
77.369217711, 0.0
97.9551068648, 0.0
73.5580873481, 0.0
15.3551898906, 0.0
49.9433390656, 180.0
92.3545286345, 180.0
92.3898376114, 180.0
50.007589752, 180.0
15.3604799303, 0.0
73.7221818032, 0.0
98.2873972702, 0.0
77.764262795, 0.0
21.5459495287, 0.0
44.5927246845, 180.0
90.3153236743, 180.0
94.6386131295, 180.0
55.5596157878, 180.0
9.02073627513, 0.0
69.5013204988, 0.0
98.1505062915, 0.0
81.8204413614, 0.0
27.9773247732, 0.0
38.7164587872, 180.0
87.7017390522, 180.0
96.5251382537, 180.0
61.1285254173, 180.0
2.28873452542, 0.0
64.6873865019, 0.0
97.487455196, 0.0
85.6574680148, 0.0
34.5995329511, 0.0
32.3217980631, 180.0
84.4745037497, 180.0
97.980897196, 180.0
66.647525013, 180.0
4.80111095722, 180.0
59.2661316656, 0.0
96.2411092906, 0.0
89.2008442325, 0.0
41.3545823768, 0.0
25.4234039678, 180.0
80.5975685781, 180.0
98.9348653723, 180.0
72.0426047429, 180.0
12.2056439649, 180.0
53.2296359423, 0.0
94.3553248245, 0.0
92.3711663342, 0.0
48.1757878691, 0.0
18.0445481068, 180.0
76.0394980728, 180.0
99.3144577381, 180.0
77.2326026183, 180.0
19.87209922, 180.0
46.5777299571, 0.0
91.7762908179, 0.0
95.0847745764, 0.0
54.9874180656, 0.0
10.21832632, 180.0
70.7750112075, 180.0
99.0467023554, 180.0
82.1294703344, 180.0
27.7373217178, 180.0
39.3194882648, 0.0
88.4540708196, 0.0
97.2546442818, 0.0
61.7045185161, 0.0
1.98884436949, 180.0
64.786657603, 180.0
98.059656157, 180.0
86.6387811397, 180.0
35.7271184819, 180.0
31.4747623927, 0.0
84.3443429013, 0.0
98.7915479003, 0.0
68.2329576559, 0.0
6.58766922852, 0.0
58.0666075137, 180.0
96.2840742047, 180.0
90.6605196616, 180.0
43.7557939087, 180.0
23.0757140697, 0.0
79.4103279518, 0.0
99.605512844, 0.0
74.4697448389, 0.0
15.4418751155, 0.0
50.618524311, 180.0
93.6553363049, 180.0
94.0901917178, 180.0
51.7259245118, 180.0
14.1682997906, 0.0
73.6248865345, 0.0
99.607593996, 0.0
80.3036703049, 0.0
24.4905188188, 0.0
42.4594775822, 180.0
90.115625524, 180.0
96.8202883391, 180.0
59.5284324492, 180.0
4.81364834996, 0.0
66.9727532516, 0.0
98.7119717291, 0.0
85.616315865, 0.0
33.6358759213, 0.0
33.621843538, 180.0
85.6163418805, 180.0
98.7421322105, 180.0
67.0430192819, 180.0
4.91073644202, 180.0
59.4528648436, 0.0
96.8383759206, 0.0
90.2834818261, 0.0
42.7655177627, 0.0
24.1551274765, 180.0
80.1207212861, 180.0
99.7481261926, 180.0
74.1390214965, 180.0
14.9100245334, 180.0
51.0807243686, 0.0
93.9148236844, 0.0
94.177069814, 0.0
51.752472613, 0.0
14.127630985, 180.0
73.6066147676, 180.0
99.7344122691, 180.0
80.6767469158, 180.0
25.0714443639, 180.0
41.8907290496, 0.0
89.8806433194, 0.0
97.1674522952, 0.0
60.4558589051, 0.0
3.62787490082, 180.0
66.0693663259, 180.0
98.603934961, 180.0
86.5093456808, 180.0
35.264094115, 180.0
31.9383742372, 0.0
84.6897393545, 0.0
99.126347379, 0.0
68.7220659184, 0.0
7.23432158162, 0.0
57.5247098266, 180.0
96.2698858569, 180.0
91.4852604973, 180.0
45.3392736874, 180.0
21.3022309666, 0.0
78.3140337559, 0.0
99.9302015994, 0.0
76.3865525865, 0.0
18.3272141056, 0.0
48.0115865704, 180.0
92.6594854367, 180.0
95.4512878021, 180.0
55.1314320473, 180.0
10.0855805632, 0.0
70.7469967073, 0.0
99.4640636378, 0.0
83.2763261978, 0.0
29.4970732779, 0.0
37.5947663367, 180.0
87.718034995, 180.0
98.2562639983, 180.0
64.4598209435, 180.0
1.58242244751, 180.0
62.0071574386, 0.0
97.6259083121, 0.0
89.2131490013, 0.0
40.5688089011, 0.0
26.367136596, 180.0
81.4131455727, 180.0
99.7553686421, 180.0
73.1309374397, 180.0
13.5461971864, 180.0
52.1414621291, 0.0
94.3313427487, 0.0
94.017501569, 0.0
51.3473933559, 0.0
14.4515083215, 180.0
73.7390229887, 180.0
99.8150092899, 180.0
80.941823372, 180.0
25.6239363293, 180.0
41.228322972, 0.0
89.518595881, 0.0
97.5133067586, 0.0
61.6201912873, 0.0
2.00177365477, 180.0
64.7206592169, 180.0
98.3182207493, 180.0
87.6842690046, 180.0
37.6087022767, 180.0
29.3801813114, 0.0
83.1536589271, 0.0
99.5333870212, 0.0
71.1602880267, 0.0
10.7967579652, 0.0
54.4177516566, 180.0
95.1704750845, 180.0
93.149940184, 180.0
49.2705559591, 180.0
16.7453898766, 0.0
75.2354093191, 0.0
99.9255906518, 0.0
79.7308866518, 0.0
23.7280211227, 0.0
42.9281447859, 180.0
90.3057586646, 180.0
97.136412832, 180.0
60.3598397724, 180.0
3.50920628113, 0.0
65.8005150427, 0.0
98.55947976, 0.0
87.0908124333, 0.0
36.5470238398, 0.0
30.3905650991, 180.0
83.6927299415, 180.0
99.4540556035, 180.0
70.6117119402, 180.0
10.1063159308, 180.0
54.927882286, 0.0
95.3334250458, 0.0
93.0011230913, 0.0
48.983000971, 0.0
16.986402203, 180.0
75.3407281092, 180.0
99.9336513365, 180.0
79.7519950017, 180.0
23.8437492553, 180.0
42.742378844, 0.0
90.1819012145, 0.0
97.232773629, 0.0
60.7440216295, 0.0
2.94027885734, 180.0
65.3053604257, 180.0
98.4345914142, 180.0
87.5043553906, 180.0
37.4132234912, 180.0
29.4175414354, 0.0
83.0827239135, 0.0
99.575225855, 0.0
71.5231423802, 0.0
11.4808468786, 0.0
53.6933573442, 180.0
94.853415836, 180.0
93.5987738703, 180.0
50.4970351274, 180.0
15.1769598198, 0.0
74.0639168904, 0.0
99.8458260156, 0.0
81.0061461441, 0.0
25.9702907903, 0.0
40.6663527817, 180.0
89.1324078217, 180.0
97.7811982447, 180.0
62.7560613337, 180.0
0.294027458023, 0.0
63.2098497524, 0.0
97.8997009239, 0.0
88.8808409926, 0.0
40.1861773338, 0.0
26.4432253006, 180.0
81.2678880753, 180.0
99.8241913013, 180.0
73.8380464329, 180.0
14.9102393808, 180.0
50.6662459061, 0.0
93.6398461507, 0.0
94.8478135237, 0.0
53.7580677335, 0.0
11.3006284712, 180.0
71.3177940826, 180.0
99.538300332, 180.0
83.38775319, 180.0
30.0715815929, 180.0
36.6436311847, 0.0
87.0270026576, 0.0
98.6324394616, 0.0
66.2957826449, 0.0
4.42865088323, 0.0
59.4080784254, 180.0
96.7837827758, 180.0
91.0588789555, 180.0
44.7892920814, 180.0
21.4187808803, 0.0
78.0888451144, 0.0
99.9978517459, 0.0
77.4004339276, 0.0
20.3598356912, 0.0
45.7374221003, 180.0
91.4822296321, 180.0
96.5275289225, 180.0
58.635566173, 180.0
5.33373113112, 0.0
66.9279413115, 0.0
98.7584571831, 0.0
86.6775729868, 0.0
36.0630746879, 0.0
30.5797397665, 180.0
83.6275395245, 180.0
99.5069181178, 180.0
71.1674486639, 180.0
11.2080454781, 180.0
53.7278936443, 0.0
94.7934815542, 0.0
93.7522371616, 0.0
51.0733181461, 0.0
14.2839594429, 180.0
73.2956179885, 180.0
99.7628443525, 180.0
81.9412943467, 180.0
27.7486364973, 180.0
38.7570472434, 0.0
88.0599161686, 0.0
98.285533808, 0.0
64.9032252959, 0.0
2.72940492346, 0.0
60.6521159951, 180.0
97.1293420005, 180.0
90.5295117741, 180.0
43.786097856, 180.0
22.3691519123, 0.0
78.6041437839, 0.0
99.9922489349, 0.0
77.0590313747, 0.0
19.9752983257, 0.0
45.9574869228, 180.0
91.5237985846, 180.0
96.5391936154, 180.0
58.7883812237, 180.0
5.00040337504, 0.0
66.5714473437, 0.0
98.6588103869, 0.0
87.0591306176, 0.0
36.9150866374, 0.0
29.5686404722, 180.0
82.9607018313, 180.0
99.6320570916, 180.0
72.210720702, 180.0
12.8376304162, 180.0
52.2125607054, 0.0
94.1607835486, 0.0
94.4549366125, 0.0
52.971582822, 0.0
11.9365135559, 180.0
71.5630945779, 180.0
99.5449328556, 180.0
83.5162188986, 180.0
30.5695652144, 180.0
35.8864164384, 0.0
86.4789412481, 0.0
98.8533702619, 0.0
67.5480902882, 0.0
6.40103070468, 0.0
57.5707601708, 180.0
96.1098610262, 180.0
92.1991445028, 180.0
47.5724294614, 180.0
18.0582916008, 0.0
75.7128415066, 0.0
99.9401080091, 0.0
80.0511828674, 0.0
24.8314183446, 0.0
41.3441537176, 180.0
89.2726918935, 180.0
97.8102061755, 180.0
63.196531073, 180.0
0.70734314306, 180.0
62.0907807459, 0.0
97.5025118243, 0.0
89.9166746415, 0.0
42.6849318061, 0.0
23.3631463075, 180.0
79.1089611045, 180.0
99.9828127849, 180.0
76.7906545996, 180.0
19.7597959317, 180.0
45.9749802012, 0.0
91.4509733059, 0.0
96.6379439397, 0.0
59.2576032236, 0.0
4.21977034571, 180.0
65.8357312451, 180.0
98.4590831711, 180.0
87.7309707088, 180.0
38.3812337338, 180.0
27.8609232758, 0.0
81.8372550375, 0.0
99.7954785971, 0.0
73.8390904794, 0.0
15.3956477927, 0.0
49.8180804745, 180.0
93.1141483881, 180.0
95.4527032215, 180.0
55.8118487738, 180.0
8.36990336767, 0.0
68.8683224736, 0.0
99.0862225603, 0.0
85.7448307704, 0.0
34.7153024739, 0.0
31.5689902862, 180.0
83.977117082, 180.0
99.4832535002, 180.0
71.2807199355, 180.0
11.7659258565, 180.0
52.9141489319, 0.0
94.3510494793, 0.0
94.3513749602, 0.0
52.9216464593, 0.0
11.7415524097, 180.0
71.246973333, 180.0
99.4751501295, 180.0
84.0415563893, 180.0
31.7263784481, 180.0
34.5080634757, 0.0
85.5984924377, 0.0
99.1334061026, 0.0
69.1815953136, 0.0
8.88731075383, 0.0
55.3016691806, 180.0
95.2369002623, 180.0
93.4120567475, 180.0
50.633902937, 180.0
14.3384124176, 0.0
73.0227475803, 0.0
99.7005640283, 0.0
82.6862526746, 0.0
29.4420327716, 0.0
36.698782861, 180.0
86.7595978661, 180.0
98.8151560507, 180.0
67.591544929, 180.0
6.76936921772, 180.0
57.0139702929, 0.0
95.8318667135, 0.0
92.6946856001, 0.0
48.9824253005, 0.0
16.1663564426, 180.0
74.2370253153, 180.0
99.8199970874, 180.0
81.727094368, 180.0
27.8807259087, 180.0
38.159020663, 0.0
87.5052739334, 0.0
98.5797501684, 0.0
66.5458773582, 0.0
5.41708527002, 0.0
58.0769998632, 180.0
96.1800899973, 180.0
92.2417013122, 180.0
47.9898622077, 180.0
17.2311102296, 0.0
74.9198168307, 0.0
99.8734731021, 0.0
81.1964153992, 0.0
27.0537961246, 0.0
38.9018938373, 180.0
87.8658568572, 180.0
98.4606400266, 180.0
66.0667251657, 180.0
4.83273340637, 180.0
58.5077548045, 0.0
96.3090806426, 0.0
92.0786131093, 0.0
47.6691354094, 0.0
17.5366188656, 180.0
75.0886394793, 180.0
99.8833446354, 180.0
81.1115180215, 180.0
26.9668324979, 180.0
38.9344504367, 0.0
87.8564806199, 0.0
98.4736541034, 0.0
66.1639507834, 0.0
5.01707798793, 0.0
58.3133204854, 180.0
96.2293841154, 180.0
92.2143801436, 180.0
48.0243111423, 180.0
17.0840975489, 0.0
74.7478979419, 0.0
99.854229734, 0.0
81.4751327751, 0.0
27.6204061743, 0.0
38.2570052016, 180.0
87.4767477886, 180.0
98.6170948863, 180.0
66.8355670916, 180.0
5.96989212497, 180.0
57.4904845184, 0.0
95.9344612853, 0.0
92.6415524, 0.0
49.0508833762, 0.0
15.8717595893, 180.0
73.8887324012, 180.0
99.7730013124, 180.0
82.275492869, 180.0
29.010147436, 180.0
36.8631105125, 0.0
86.7107380316, 0.0
98.8717280164, 0.0
68.0676518467, 0.0
7.68979396647, 0.0
56.0259108794, 180.0
95.4007620419, 180.0
93.3361533256, 180.0
50.7354602448, 180.0
13.8952193511, 0.0
72.4893256207, 0.0
99.6088196511, 0.0
83.4860172706, 0.0
31.1261673469, 0.0
34.7401620731, 180.0
85.5273551554, 180.0
99.2006670152, 180.0
69.8337601563, 180.0
10.1734010104, 180.0
53.8968808706, 0.0
94.5880055661, 0.0
94.2573197452, 0.0
53.0548632973, 0.0
11.148573468, 180.0
70.515687012, 180.0
99.3132352011, 180.0
85.0646272296, 180.0
33.9518336425, 180.0
31.8706520385, 0.0
83.881045286, 0.0
99.5491936111, 0.0
72.0938645825, 0.0
13.4138063627, 0.0
51.0726276134, 180.0
93.4397157038, 180.0
95.3467492858, 180.0
55.9746686647, 180.0
7.62616776088, 0.0
67.9229576722, 0.0
98.8204254712, 0.0
86.9527525387, 0.0
37.461923587, 0.0
28.2340933604, 180.0
81.7129492647, 180.0
99.8445905255, 180.0
74.7928799694, 180.0
17.3983873381, 180.0
47.5163081051, 0.0
91.884093698, 0.0
96.5280414399, 0.0
59.4472419975, 0.0
3.32505734542, 180.0
64.6573032467, 180.0
98.0476658127, 180.0
89.0741178209, 180.0
41.6201940778, 180.0
23.8096454384, 0.0
78.9525799144, 0.0
99.9961008537, 0.0
77.8588613869, 0.0
22.1059689118, 0.0
43.1876691019, 180.0
89.8353420525, 180.0
97.7060560519, 180.0
63.4093470473, 180.0
1.75183916099, 180.0
60.6584792077, 0.0
96.8961686677, 0.0
91.3334364508, 0.0
46.376433564, 0.0
18.5794701588, 180.0
75.520137689, 180.0
99.8951655321, 180.0
81.2009999525, 180.0
27.5033847291, 180.0
38.046467641, 0.0
87.1955809392, 0.0
98.7664524381, 0.0
67.7794426637, 0.0
7.59190620745, 0.0
55.863163263, 180.0
95.2524579754, 180.0
93.6151807349, 180.0
51.6630932949, 180.0
12.5328363531, 0.0
71.3295939766, 0.0
99.4161267729, 0.0
84.7075834752, 0.0
33.5415088801, 0.0
32.0567010754, 180.0
83.8575200591, 180.0
99.5756128041, 180.0
72.4548258731, 180.0
14.1683610383, 180.0
50.2091492232, 0.0
92.9904728345, 0.0
95.7826413026, 0.0
57.3916385093, 0.0
5.6709668239, 180.0
66.2926770095, 180.0
98.417618852, 180.0
88.2441368085, 180.0
40.1508743401, 180.0
25.1916819908, 0.0
79.7080612191, 0.0
99.9811934016, 0.0
77.308829931, 0.0
21.435230505, 0.0
43.6404824039, 180.0
89.9746141822, 180.0
97.6775348255, 180.0
63.4488142041, 180.0
1.98741737137, 180.0
60.3238873326, 0.0
96.744895246, 0.0
91.6520093758, 0.0
47.2370501311, 0.0
17.4399570942, 180.0
74.6330062232, 180.0
99.813583048, 180.0
82.1883450651, 180.0
29.3219162694, 180.0
36.1135848326, 0.0
86.0639560773, 0.0
99.1204644554, 0.0
69.6930848219, 0.0
10.3999581653, 0.0
53.3466439114, 180.0
94.2333586082, 180.0
94.7477320383, 180.0
54.6760191927, 180.0
8.81201301138, 0.0
68.5230263387, 0.0
98.8885768938, 0.0
86.9119939044, 0.0
37.7275639311, 0.0
27.6043653546, 180.0
81.1178340567, 180.0
99.9125773937, 180.0
75.9515808944, 180.0
19.4941072785, 180.0
45.300613648, 0.0
90.7135618938, 0.0
97.3235180822, 0.0
62.3098815956, 0.0
0.652366722123, 0.0
61.2810082429, 180.0
97.0115877838, 180.0
91.2693593344, 180.0
46.5155423441, 180.0
18.1162316172, 0.0
75.0029908807, 0.0
99.8387926928, 0.0
82.0179647995, 0.0
29.1604361624, 0.0
36.1502017554, 180.0
86.0179283111, 180.0
99.1493274051, 180.0
69.943300069, 180.0
10.8763319099, 180.0
52.8308213651, 0.0
93.9837107697, 0.0
95.0217235721, 0.0
55.5084443699, 0.0
7.68881512845, 180.0
67.6023980677, 180.0
98.672981713, 180.0
87.6517063861, 180.0
39.2462032501, 180.0
25.8940740966, 0.0
79.9893868634, 0.0
99.9769405351, 0.0
77.3412013483, 0.0
21.7381482319, 0.0
43.1274475016, 180.0
89.6099194436, 180.0
97.9048249127, 180.0
64.484134693, 180.0
3.5929140047, 180.0
58.8257731077, 0.0
96.1854638114, 0.0
92.5793285377, 0.0
49.5497042914, 0.0
14.5754425817, 180.0
72.4920307373, 180.0
99.5464892495, 180.0
84.2283389601, 180.0
33.0638447877, 180.0
32.168271219, 0.0
83.709595931, 0.0
99.6341614837, 0.0
73.1734859024, 0.0
15.5896280123, 0.0
48.6216710303, 180.0
92.1531195001, 180.0
96.4982308792, 180.0
59.8160706996, 180.0
2.29267086481, 0.0
63.4237696563, 0.0
97.5958505572, 0.0
90.291398595, 0.0
44.6210015843, 0.0
20.0051467887, 180.0
76.1294696012, 180.0
99.9133554595, 180.0
81.2605486493, 180.0
28.0993875469, 180.0
36.9908409139, 0.0
86.3723104385, 0.0
99.0837116894, 0.0
69.7353156634, 0.0
10.7904465798, 0.0
52.7307580652, 180.0
93.8732165881, 180.0
95.184370158, 180.0
56.1145174652, 180.0
6.75663580968, 0.0
66.7588538253, 0.0
98.4460204631, 0.0
88.3859786939, 0.0
40.8510184911, 0.0
24.0003022449, 180.0
78.6746185702, 180.0
99.9997656922, 180.0
78.9435413256, 180.0
24.4356045949, 180.0
40.4231353299, 0.0
88.1529901124, 0.0
98.537901266, 0.0
67.1853509717, 0.0
7.38044379354, 0.0
55.5468192164, 180.0
94.9514321632, 180.0
94.1545718876, 180.0
53.5001767046, 180.0
9.79731743196, 0.0
68.9451661056, 0.0
98.9141188536, 0.0
87.0282902503, 0.0
38.3232109879, 0.0
26.5913139517, 180.0
80.2549111992, 180.0
99.973262755, 180.0
77.4133418621, 180.0
22.121287992, 180.0
42.5206245076, 0.0
89.1840709392, 0.0
98.1477124161, 0.0
65.6293214989, 0.0
5.37787264321, 0.0
57.1429490554, 180.0
95.5177504295, 180.0
93.5390231416, 180.0
52.0492321566, 180.0
11.4217067104, 0.0
70.0659861077, 0.0
99.1213736793, 0.0
86.3252699086, 0.0
37.0865928561, 0.0
27.8043490443, 180.0
80.9567727982, 180.0
99.9413921487, 180.0
76.7529228758, 180.0
21.1820017044, 180.0
43.3222124553, 0.0
89.5488294728, 0.0
98.0036008282, 0.0
65.1271433639, 0.0
4.78958654789, 0.0
57.5643634045, 180.0
95.6470285528, 180.0
93.4092550404, 180.0
51.8008814631, 180.0
11.6362509558, 0.0
70.1667841004, 0.0
99.1301817767, 0.0
86.3292341124, 0.0
37.1631660403, 0.0
27.6534290591, 180.0
80.8205460171, 180.0
99.9514086626, 180.0
76.9965392704, 180.0
21.6269747352, 180.0
42.8437941266, 0.0
89.2780254579, 0.0
98.1364104328, 0.0
65.6974422918, 0.0
5.61705677139, 0.0
56.8234717497, 180.0
95.3571034134, 180.0
93.7798264289, 180.0
52.7616187264, 180.0
10.4419434703, 0.0
69.2517450586, 0.0
98.9433547788, 0.0
87.0398933222, 0.0
38.5516053844, 0.0
26.1367475014, 180.0
79.8383023881, 180.0
99.9902896796, 180.0
78.1316606867, 180.0
23.4519170933, 180.0
41.0758138067, 0.0
88.3487543858, 0.0
98.5177608639, 0.0
67.3190396167, 0.0
7.85814352997, 0.0
54.8985892624, 180.0
94.608376879, 180.0
94.6086948842, 180.0
54.90597423, 180.0
7.83367549746, 0.0
67.2834591916, 0.0
98.5040887933, 0.0
88.404340454, 0.0
41.227029594, 0.0
23.2371272011, 180.0
77.9542637195, 180.0
99.9847228378, 180.0
80.0982545645, 180.0
26.637684563, 180.0
37.9847208924, 0.0
86.6852972449, 0.0
99.059689525, 0.0
69.9292656551, 0.0
11.5046051762, 0.0
51.7362049392, 180.0
93.3047553582, 180.0
95.7961715972, 180.0
58.1736635435, 180.0
3.80384531755, 0.0
64.1857503941, 0.0
97.6966381616, 0.0
90.3150156073, 0.0
45.1368683903, 0.0
18.9266288678, 180.0
75.0678879025, 180.0
99.8011596669, 180.0
82.7855100031, 180.0
31.1448263273, 180.0
33.5183859828, 0.0
84.1621260113, 0.0
99.6137489318, 0.0
73.4192545821, 0.0
16.535368312, 0.0
47.2569511144, 180.0
91.2962190428, 180.0
97.1827592638, 180.0
62.463334828, 180.0
1.64975217283, 180.0
59.849895585, 0.0
96.3480902809, 0.0
92.6060267834, 0.0
50.1930167864, 0.0
13.1754133408, 180.0
71.0399987693, 180.0
99.2464505076, 180.0
86.0264387282, 180.0
36.9041743313, 180.0
27.615688387, 0.0
80.6095831476, 0.0
99.970182283, 0.0
77.6266851002, 0.0
22.9056515595, 0.0
41.3656188632, 180.0
88.3836825154, 180.0
98.5465863029, 180.0
67.623374794, 180.0
8.511749373, 180.0
54.144732162, 0.0
94.2320442696, 0.0
95.0486073949, 0.0
56.2606995099, 0.0
5.9649921393, 180.0
65.7026232022, 180.0
98.0699956192, 180.0
89.5911741023, 180.0
43.8038259999, 180.0
20.2205643024, 0.0
75.8230712997, 0.0
99.8582292697, 0.0
82.3267973474, 0.0
30.5321900435, 0.0
33.9656847482, 180.0
84.3271566776, 180.0
99.6015862144, 180.0
73.440580529, 180.0
16.7328546094, 180.0
46.9313117643, 0.0
91.0753720208, 0.0
97.3469314988, 0.0
63.1447958341, 0.0
2.69408057072, 0.0
58.8733977009, 180.0
95.968748908, 180.0
93.1802330868, 180.0
51.6731799018, 180.0
11.3007582288, 0.0
69.5768253636, 0.0
98.9490407789, 0.0
87.2229642527, 0.0
39.2750966833, 0.0
24.9788021511, 180.0
78.8584949214, 180.0
99.9980230002, 180.0
79.6279563714, 180.0
26.2097068848, 180.0
38.0827813392, 0.0
86.5695511923, 0.0
99.1359863727, 0.0
70.5748317711, 0.0
12.7402722772, 0.0
50.3754659803, 180.0
92.5967618024, 180.0
96.4195129811, 180.0
60.2651457412, 180.0
0.871290063197, 0.0
61.643437679, 0.0
96.8630752771, 0.0
91.9386326069, 0.0
48.9173631761, 0.0
14.369503315, 180.0
71.7001480013, 180.0
99.3274043637, 180.0
85.8134641043, 180.0
36.7617890773, 180.0
27.5099918674, 0.0
80.3882489486, 0.0
99.9836936194, 0.0
78.1904493047, 0.0
24.0355636336, 0.0
40.0636396908, 180.0
87.5811975174, 180.0
98.8593414369, 180.0
69.2382874099, 180.0
10.9778222834, 180.0
51.8201946849, 0.0
93.1841522963, 0.0
96.0130552018, 0.0
59.1436756887, 0.0
2.17489054299, 180.0
62.5912838101, 180.0
97.1341940176, 180.0
91.5322242341, 180.0
48.1069579341, 180.0
15.1928779846, 0.0
72.2128193929, 0.0
99.3999139738, 0.0
85.5298986654, 0.0
36.3377758648, 0.0
27.8571548504, 180.0
80.5467916211, 180.0
99.980424123, 180.0
78.1414636107, 180.0
24.0508108197, 180.0
39.9628699579, 0.0
87.4824556535, 0.0
98.9038505272, 0.0
69.5210970929, 0.0
11.4616940257, 0.0
51.3222507412, 180.0
92.9369337765, 180.0
96.2253775124, 180.0
59.8380974175, 180.0
1.21684624738, 0.0
61.7670470688, 0.0
96.8552634995, 0.0
92.0249136827, 0.0
49.2731613047, 0.0
13.7785428767, 180.0
71.150463439, 180.0
99.2099313142, 180.0
86.4044527777, 180.0
38.0146883424, 180.0
26.0268064782, 0.0
79.3485800617, 0.0
99.9999390077, 0.0
79.4852024788, 0.0
26.255180483, 0.0
37.7775642939, 180.0
86.2612736171, 180.0
99.2494549175, 180.0
71.4045528186, 180.0
14.1877976417, 180.0
48.8616958636, 0.0
91.8126575833, 0.0
97.0061064044, 0.0
62.3129530164, 0.0
2.00312220758, 0.0
59.1270501257, 180.0
95.9510698638, 180.0
93.3389721592, 180.0
52.3707615569, 180.0
10.1138232951, 0.0
68.4400381094, 0.0
98.6486419737, 0.0
88.3363338666, 0.0
41.7451293531, 0.0
21.9862698539, 180.0
76.6868041407, 180.0
99.9004892574, 180.0
82.1032463473, 180.0
30.6069700961, 180.0
33.4480799816, 0.0
83.7739863514, 0.0
99.7235655235, 0.0
74.7589837272, 0.0
19.128065595, 0.0
44.3457914959, 180.0
89.6290841922, 180.0
98.1552281523, 180.0
66.4344165982, 180.0
7.47834724272, 180.0
54.5403163942, 0.0
94.2004565515, 0.0
95.2515612208, 0.0
57.2693716935, 0.0
4.17661211469, 180.0
63.9082915333, 180.0
97.4569789503, 180.0
91.0855045941, 180.0
47.410021465, 180.0
15.6778685103, 0.0
72.3430845758, 0.0
99.3873921274, 0.0
85.7448363542, 0.0
37.0063462788, 0.0
26.8751187591, 180.0
79.7554646982, 180.0
99.9993771734, 180.0
79.3300544879, 180.0
26.2097068848, 180.0
37.6284398161, 0.0
86.0739528242, 0.0
99.3183942595, 0.0
71.9522015596, 0.0
15.1705595238, 0.0
47.8097476336, 180.0
91.24487063, 180.0
97.3863230044, 180.0
63.730673268, 180.0
4.03634062529, 180.0
57.3039732796, 0.0
95.2321112407, 0.0
94.2599426966, 0.0
54.7910484644, 0.0
7.05045733896, 180.0
66.0099592847, 180.0
98.0166574332, 180.0
90.0092900267, 180.0
45.2629744929, 180.0
17.9540025575, 0.0
73.8410838255, 0.0
99.5958752779, 0.0
84.7159307738, 0.0
35.278137737, 0.0
28.5466219082, 180.0
80.7256244024, 180.0
99.9826125536, 180.0
78.4711801203, 180.0
24.9683451102, 180.0
38.7100738596, 0.0
86.6068761051, 0.0
99.2041319914, 0.0
71.3743040403, 0.0
14.4637380221, 0.0
48.3365942123, 180.0
91.4430423811, 180.0
97.3009095022, 180.0
63.5307316024, 180.0
3.89115616433, 180.0
57.3297166698, 0.0
95.2069184423, 0.0
94.325327096, 0.0
55.0503051493, 0.0
6.62733561838, 180.0
65.6048738174, 180.0
97.8853890859, 180.0
90.3402892562, 180.0
46.045592233, 180.0
16.9757480246, 0.0
73.0897872221, 0.0
99.4787637906, 0.0
85.4177901796, 0.0
36.6302799944, 0.0
27.0452899001, 180.0
79.7246580312, 180.0
99.9999725297, 180.0
79.6374575884, 180.0
26.9176694331, 180.0
36.7353105091, 0.0
85.4621716499, 0.0
99.473645852, 0.0
73.0850968402, 0.0
17.0192837986, 0.0
45.9540623507, 180.0
90.2673318237, 180.0
97.9351024736, 180.0
65.8512568713, 180.0
7.04360219026, 180.0
54.6192881829, 0.0
94.1171407544, 0.0
95.4292669457, 0.0
58.0298371682, 0.0
2.90507355495, 180.0
62.6586383628, 180.0
97.0001427736, 180.0
92.0095389759, 180.0
49.7167525348, 180.0
12.7276134558, 0.0
70.0099267017, 0.0
98.9158495978, 0.0
87.7366347224, 0.0
41.0086699592, 0.0
22.3309128725, 180.0
76.6212347791, 180.0
99.8740653442, 180.0
82.677418916, 180.0
32.0018294301, 180.0
31.628604713, 0.0
82.4508760574, 0.0
99.8941293187, 0.0
76.9037450369, 0.0
22.7909581584, 0.0
40.5416323627, 180.0
87.4672322091, 180.0
99.0040941444, 180.0
70.4913190261, 180.0
13.4682853513, 180.0
48.9986872556, 0.0
91.6484748267, 0.0
97.2398561132, 0.0
63.5186001961, 0.0
4.12266250095, 0.0
56.9365166654, 180.0
94.9821861509, 180.0
94.6442537545, 180.0
56.0657511534, 180.0
5.16120788935, 0.0
64.300108687, 0.0
97.4648926524, 0.0
91.2661495658, 0.0
48.2136466987, 0.0
14.3034340961, 180.0
71.0427625234, 180.0
99.1015252606, 180.0
87.1595086656, 180.0
40.0429498546, 180.0
23.2294881336, 0.0
77.1260530847, 0.0
99.9048197791, 0.0
82.3824868597, 0.0
31.6332614178, 0.0
31.870652042, 180.0
82.5196995665, 180.0
99.8946705877, 180.0
76.9965392704, 180.0
23.0623477631, 180.0
40.1643609857, 0.0
87.2013481172, 0.0
99.097450133, 0.0
71.0655593145, 0.0
14.4054500545, 0.0
48.0544477727, 180.0
91.1562789397, 180.0
97.5453059856, 180.0
64.6550564356, 180.0
5.73467657121, 180.0
55.4912943414, 0.0
94.3770482343, 0.0
95.2754464095, 0.0
57.8313796412, 0.0
2.88152147422, 180.0
62.4318965195, 180.0
96.8630752771, 180.0
92.3294244866, 180.0
50.6609925713, 180.0
11.3787914355, 0.0
68.8398489401, 0.0
98.6201846814, 0.0
88.7524298719, 0.0
43.2098045595, 0.0
19.6972399154, 180.0
74.6852574175, 180.0
99.6601135166, 180.0
84.5925962671, 180.0
35.5425609465, 180.0
27.781715411, 0.0
79.9445863505, 0.0
99.9999924809, 0.0
79.9003316867, 0.0
27.7222947885, 0.0
35.5820164732, 180.0
84.6004488458, 180.0
99.6618097665, 180.0
74.727677592, 180.0
19.8098410718, 180.0
43.0530295783, 0.0
88.6413472582, 0.0
98.6718656301, 0.0
69.1277019817, 0.0
11.8634136059, 0.0
50.1548014179, 180.0
92.0613717304, 180.0
97.0602250081, 180.0
63.153930577, 180.0
3.93824393147, 180.0
56.8525507035, 0.0
94.8598641111, 0.0
94.8601748117, 0.0
56.8598193324, 0.0
3.91371916121, 180.0
63.1166248602, 180.0
97.0410543427, 180.0
92.1076918118, 180.0
50.298270645, 180.0
11.644051548, 0.0
68.9224071523, 0.0
98.613676049, 0.0
88.8409262978, 0.0
43.5211948413, 0.0
19.208039705, 180.0
74.2501798569, 180.0
99.5905676466, 180.0
85.0997059729, 180.0
36.5791177878, 180.0
26.564813696, 0.0
79.0849490955, 0.0
99.9882648446, 0.0
80.9250638432, 0.0
29.5208348059, 0.0
33.6774306015, 180.0
83.4162368401, 180.0
99.8265899154, 180.0
76.3587931806, 180.0
22.3931104806, 180.0
40.5129120538, 0.0
87.2378454654, 0.0
99.1282426118, 0.0
71.4430319929, 0.0
15.2404234254, 0.0
47.042239731, 180.0
90.547600003, 180.0
97.9183970915, 180.0
66.2198788247, 180.0
8.10475461433, 180.0
53.2403127877, 0.0
93.3470730076, 0.0
96.2243086928, 0.0
60.7310411483, 0.0
1.02541750613, 0.0
59.0858712502, 180.0
95.6412966457, 180.0
94.0749338918, 180.0
55.0175170843, 180.0
5.96107213646, 0.0
64.5613894013, 0.0
97.4384663053, 0.0
91.5005662767, 0.0
49.1193107143, 0.0
12.821089082, 180.0
69.6529431237, 180.0
98.7496396785, 180.0
88.5324908909, 180.0
43.0751808324, 180.0
19.523956673, 0.0
74.3500550662, 0.0
99.5884349183, 0.0
85.2026588409, 0.0
36.9224225979, 0.0
26.0419727673, 180.0
78.6455213599, 180.0
99.9707311101, 180.0
81.5433836326, 180.0
30.6966812337, 180.0
32.3504063677, 0.0
82.5352234375, 0.0
99.9143739338, 0.0
77.5870602999, 0.0
24.4317966297, 0.0
38.4274677708, 180.0
86.0179283111, 180.0
99.438889039, 180.0
73.3659080172, 180.0
18.1596774798, 180.0
44.254255079, 0.0
89.0950804463, 0.0
98.565205302, 0.0
68.9117365512, 0.0
11.9102033894, 0.0
49.8146798843, 180.0
91.7705881395, 180.0
97.3153897984, 180.0
64.2557366015, 180.0
5.71115324276, 180.0
55.0953748761, 0.0
94.0506070593, 0.0
95.7123960038, 0.0
59.4282938125, 0.0
0.411841997688, 180.0
60.0855860338, 180.0
95.9433233701, 180.0
93.7798264289, 180.0
54.4588259971, 180.0
6.43532395762, 0.0
64.7770519579, 0.0
97.4587386028, 0.0
91.5417106121, 0.0
49.375642911, 0.0
12.3380109324, 180.0
69.1638727622, 180.0
98.6084581937, 180.0
89.0222991298, 180.0
44.2058277407, 180.0
18.1007833469, 0.0
73.2423708081, 0.0
99.4054853688, 0.0
86.2458740405, 0.0
38.9751393246, 0.0
23.706652549, 180.0
77.0109454071, 180.0
99.864021818, 180.0
83.2365759639, 180.0
33.7079340107, 180.0
29.140714863, 0.0
80.469923458, 0.0
99.9992763765, 0.0
80.0182477955, 0.0
28.4271059614, 0.0
34.3900927776, 180.0
83.621407816, 180.0
99.8272827202, 180.0
76.614294886, 180.0
23.1540446554, 180.0
39.4438650788, 0.0
86.4691250265, 0.0
99.3647268804, 0.0
73.0475613612, 0.0
17.9086082847, 0.0
44.2929876604, 180.0
89.0182738867, 180.0
98.6287851933, 180.0
69.3402221275, 180.0
12.7091117286, 180.0
48.9302066509, 0.0
91.2753761331, 0.0
97.636973133, 0.0
65.5136899967, 0.0
7.572327774, 0.0
53.3499654025, 180.0
93.2481303931, 180.0
96.4070053124, 180.0
61.588537272, 180.0
2.51350026313, 180.0
57.5483067796, 0.0
94.9452703826, 0.0
94.9566667984, 0.0
57.5844310647, 0.0
2.45363212623, 180.0
61.5227720787, 180.0
96.3764281846, 180.0
93.3036957575, 180.0
53.5200815506, 180.0
7.31680273106, 0.0
65.2722977997, 0.0
97.5520033014, 0.0
91.4656773336, 0.0
49.4132023372, 0.0
12.0651755993, 180.0
68.797111377, 180.0
98.4830380428, 180.0
89.4599485631, 180.0
45.2804820804, 180.0
16.6892971975, 0.0
72.0986268693, 0.0
99.1810996899, 0.0
87.3035140438, 0.0
41.137566479, 0.0
21.1810422329, 180.0
75.1793414979, 180.0
99.6581697583, 180.0
85.0129720026, 180.0
36.9990497649, 180.0
25.5335546322, 0.0
78.0427338176, 0.0
99.9265405845, 0.0
82.6044503471, 0.0
32.8784748194, 0.0
29.7411846482, 180.0
80.6931642031, 180.0
99.9987193625, 180.0
80.0935522353, 180.0
28.7883410538, 180.0
33.7994229972, 0.0
83.1357782355, 0.0
99.8873396736, 0.0
77.4953106595, 0.0
24.7401192183, 0.0
37.7048328564, 180.0
85.3764134837, 180.0
99.6050804773, 180.0
74.8241515135, 180.0
20.7442723293, 180.0
41.4549804816, 0.0
87.4215100857, 0.0
99.1645924664, 0.0
72.0938645891, 0.0
16.810281939, 0.0
45.0483651306, 180.0
89.278025458, 180.0
98.5784316284, 180.0
69.3175819372, 180.0
12.9466790062, 180.0
48.4843489087, 0.0
90.9533533826, 0.0
97.8589998102, 0.0
66.5077630258, 0.0
9.16107867075, 0.0
51.763087087, 180.0
92.4552476571, 180.0
97.018492038, 180.0
63.6761861236, 180.0
5.46021827277, 180.0
54.8854593729, 0.0
93.7917504262, 0.0
96.0688503128, 0.0
60.8339453508, 0.0
1.84999800566, 0.0
57.8530025552, 180.0
94.9711252599, 180.0
95.0217235721, 180.0
57.9914528442, 180.0
1.66447636628, 0.0
60.6678448821, 0.0
96.0017949931, 0.0
93.8884334882, 0.0
55.1584455039, 0.0
5.07884924759, 180.0
63.3326424757, 180.0
96.8922842931, 180.0
92.6799457586, 180.0
52.3439958055, 180.0
8.38946988638, 0.0
65.8505180345, 0.0
97.6511668876, 0.0
91.4068465304, 0.0
49.5565261826, 0.0
11.5933464173, 180.0
68.2250020246, 180.0
98.2870173467, 180.0
90.0793235985, 180.0
46.8038265097, 180.0
14.688099663, 0.0
70.4599765172, 0.0
98.8083672861, 0.0
88.7071520112, 0.0
44.09307424, 0.0
17.6719170423, 180.0
72.559621788, 180.0
99.2236658336, 180.0
87.299683723, 180.0
41.4308567786, 180.0
20.5435068935, 0.0
74.5283657547, 0.0
99.5412441805, 0.0
85.8658409335, 0.0
38.8231956988, 0.0
23.3020534829, 180.0
76.3708362994, 180.0
99.7692840229, 180.0
84.4141127639, 180.0
36.2755724367, 180.0
25.9471729333, 0.0
78.0918164865, 0.0
99.9157896862, 0.0
82.9525549283, 0.0
33.7929551269, 0.0
28.4788702719, 180.0
79.6962026658, 180.0
99.9885637163, 180.0
81.48879207, 180.0
31.3798262676, 180.0
30.8974977683, 0.0
81.1889654231, 0.0
99.9951857138, 0.0
80.0300224466, 0.0
29.0402109316, 0.0
33.2037147009, 180.0
82.5751133223, 180.0
99.9429941856, 180.0
78.5830246579, 180.0
26.7777052642, 180.0
35.398448665, 0.0
83.8596593638, 0.0
99.839071186, 0.0
77.1541661315, 0.0
24.5955050336, 0.0
37.4828585127, 180.0
85.0475900729, 180.0
99.6902295193, 180.0
75.7494130904, 180.0
22.4964340234, 180.0
39.4582989895, 0.0
86.1438371154, 0.0
99.5030022813, 0.0
74.3743417471, 0.0
20.4829720791, 0.0
41.3262871154, 180.0
87.1532513323, 180.0
99.2836345187, 180.0
73.0341504816, 180.0
18.5572826415, 180.0
43.0884703394, 0.0
88.0805790755, 0.0
99.0380767914, 0.0
71.7336727796, 0.0
16.7212396185, 0.0
44.7465964813, 180.0
88.9304407221, 180.0
98.7719804323, 180.0
70.4773907203, 180.0
14.9764534677, 180.0
46.3024854607, 0.0
89.7073112415, 0.0
98.4906943019, 0.0
69.26944882, 0.0
13.3242963762, 0.0
47.7580028021, 180.0
90.4155026884, 180.0
98.1992628488, 180.0
68.1136680533, 180.0
11.7659264407, 180.0
49.115034895, 0.0
91.0591484921, 0.0
97.9024252927, 0.0
67.0135598869, 0.0
10.302310767, 0.0
50.3754659803, 180.0
91.642189417, 180.0
97.6046157571, 180.0
65.9723401764, 180.0
8.9342474157, 180.0
51.5411568271, 0.0
92.1683610697, 0.0
97.3099641892, 0.0
64.9929427884, 0.0
7.6623861392, 0.0
52.6139250597, 180.0
92.6411828307, 180.0
97.0222979154, 180.0
64.0780328247, 180.0
6.48724785825, 180.0
53.595527091, 0.0
93.0639480952, 0.0
96.7451436886, 0.0
63.2300193357, 0.0
5.40924284115, 0.0
54.4876416162, 180.0
93.4397157111, 180.0
96.4817300966, 180.0
62.4510674236, 180.0
4.42868755187, 180.0
55.2918546195, 0.0
93.7713025088, 0.0
96.2349902103, 0.0
61.7431096436, 0.0
3.5458201437, 0.0
56.0096458463, 180.0
94.0612768236, 180.0
96.0075643603, 180.0
61.1078566252, 180.0
2.76081457789, 180.0
56.642376695, 0.0
94.3119529191, 0.0
95.8018029416, 0.0
60.5468068414, 0.0
2.07379335321, 0.0
57.1912794828, 180.0
94.5253862268, 180.0
95.6197691561, 180.0
60.0612554657, 180.0
1.4848388357, 180.0
57.657448045, 0.0
94.7033693255, 0.0
95.4632416123, 0.0
59.6523022626, 0.0
0.994003181214, 0.0
58.0418296271, 180.0
94.8474285929, 180.0
95.3337167122, 180.0
59.3208584653, 180.0
0.601316845034, 180.0
58.3452180356, 0.0
94.9588214677, 0.0
95.2324107649, 0.0
59.0676526043, 0.0
0.306795676291, 0.0
58.568248017, 180.0
95.0385342739, 180.0
95.1602617754, 180.0
58.8932352533, 180.0
0.110446594278, 180.0
58.7113908376, 0.0
95.0872805628, 0.0
95.1179308688, 0.0
58.7979826679, 0.0
0.012271846254, 0.0
58.7749510443, 180.0
95.10549994, 180.0
95.1058033167, 180.0
58.7820992995, 180.0
0.0122718462665, 180.0
58.75906439, 0.0
95.0933573548, 0.0
95.1239891444, 0.0
58.8456191697, 0.0
0.110446594292, 0.0
58.6636969136, 180.0
95.0507428351, 180.0
95.1723233051, 180.0
58.9884061, 180.0
0.306795676308, 180.0
58.4886451695, 0.0
94.977271664, 0.0
95.2503654189, 0.0
59.2101527945, 0.0
0.60131684503, 0.0
58.2335376093, 180.0
94.8722850008, 180.0
95.35739908, 180.0
59.5103787808, 180.0
0.994003181212, 180.0
57.8978371201, 0.0
94.7348509594, 0.0
95.4924307486, 0.0
59.8884272192, 0.0
1.48483883573, 0.0
57.4808447343, 180.0
94.5637661668, 180.0
95.6541882511, 180.0
60.3434605969, 180.0
2.07379335321, 180.0
56.9817045272, 0.0
94.3575578329, 0.0
95.8411189231, 0.0
60.8744553293, 0.0
2.76081457788, 0.0
56.3994097256, 180.0
94.1144863717, 180.0
96.0513874358, 180.0
61.4801952977, 180.0
3.54582014371, 180.0
55.732810057, 0.0
93.8325486228, 0.0
96.2828733625, 0.0
62.1592643585, 0.0
4.42868755188, 0.0
54.9806203698, 180.0
93.5094817331, 180.0
96.5331685436, 180.0
62.9100378675, 180.0
5.40924284116, 180.0
54.1414305629, 0.0
93.1427677628, 0.0
96.7995743253, 0.0
63.730673268, 0.0
6.48724785829, 0.0
53.2137168637, 180.0
92.7296390923, 180.0
97.0790987528, 180.0
64.6190998028, 180.0
7.66238613921, 180.0
52.1958544994, 0.0
92.2670847128, 0.0
97.3684538112, 0.0
65.5730074158, 0.0
8.93424741572, 0.0
51.0861318048, 180.0
91.75185749, 180.0
97.6640528158, 180.0
66.5898349192, 180.0
10.302310767, 180.0
49.8827658154, 0.0
91.1804824995, 0.0
97.9620080662, 0.0
67.6667575131, 0.0
11.7659264407, 0.0
48.5839193919, 180.0
90.5492665382, 180.0
98.2581288859, 180.0
68.8006737526, 180.0
13.3242963761, 180.0
47.1877199245, 0.0
89.854308921, 0.0
98.547920183, 0.0
69.9881920704, 0.0
14.9764534677, 0.0
45.6922796602, 180.0
89.0915136797, 180.0
98.8265816746, 180.0
71.2256169748, 180.0
16.7212396185, 180.0
44.0957176977, 0.0
88.2566032832, 0.0
99.0890079309, 0.0
72.5089350528, 0.0
18.5572826415, 0.0
42.3961836882, 180.0
87.3451340037, 180.0
99.3297894028, 180.0
73.8338009256, 180.0
20.4829720791, 180.0
40.5918832735, 0.0
86.3525130545, 0.0
99.5432146073, 0.0
75.1955233127, 0.0
22.4964340234, 0.0
38.6811052897, 180.0
85.2740176273, 180.0
99.7232736564, 180.0
76.5890513795, 180.0
24.5955050336, 180.0
36.6622507521, 0.0
84.1048159574, 0.0
99.8636633209, 0.0
78.0089615556, 0.0
26.7777052642, 0.0
34.5338636293, 180.0
82.839990542, 180.0
99.9577938314, 180.0
79.4494450256, 180.0
29.0402109315, 180.0
32.2946634003, 0.0
81.4745636359, 0.0
99.9987976251, 0.0
80.9042961142, 0.0
31.3798262676, 0.0
29.9435793759, 180.0
80.0035251434, 180.0
99.9795402548, 180.0
82.3669017977, 180.0
33.7929551269, 180.0
27.4797867472, 0.0
78.4218630154, 0.0
99.8926336801, 0.0
83.8302325937, 0.0
36.2755724368, 0.0
24.9027443079, 180.0
76.7245962578, 180.0
99.7304521663, 180.0
85.2868350964, 180.0
38.8231956989, 180.0
22.2122337744, 0.0
74.90681064, 0.0
99.4851510177, 0.0
86.7288264389, 0.0
41.4308567787, 0.0
19.408400606, 180.0
72.9636971806, 180.0
99.1486883743, 180.0
88.1478909799, 180.0
44.09307424, 180.0
16.4917962017, 0.0
70.8905934711, 0.0
98.7128502962, 0.0
89.5352795275, 0.0
46.8038265097, 0.0
13.4634213212, 180.0
68.6830278794, 180.0
98.1692793585, 180.0
90.8818114246, 180.0
49.5565261826, 180.0
10.3247705513, 0.0
66.3367666482, 0.0
97.5095069719, 0.0
92.1778798331, 0.0
52.3439958055, 0.0
7.0778776005, 180.0
63.8478638834, 180.0
96.7249896332, 180.0
93.4134605641, 180.0
55.1584455039, 180.0
3.72536117723, 0.0
61.2127143916, 0.0
95.8071492977, 0.0
94.5781248102, 0.0
57.9914528442, 0.0
0.270471162762, 180.0
58.428109299, 180.0
94.7474180483, 180.0
95.6610561405, 180.0
60.8339453508, 180.0
3.28286524221, 180.0
55.4912943414, 0.0
93.5372872147, 0.0
96.651072123, 0.0
63.6761861236, 0.0
6.92999776426, 0.0
52.400030679, 180.0
92.1683610697, 180.0
97.5366509375, 180.0
66.5077630258, 180.0
10.6655081035, 180.0
49.1526580423, 0.0
90.6324152035, 0.0
98.3059633382, 0.0
69.3175819372, 0.0
14.4831662304, 0.0
45.7481599699, 180.0
88.9214596346, 180.0
98.946910317, 180.0
72.0938645891, 180.0
18.3758884291, 180.0
42.1862308435, 0.0
87.0278066841, 0.0
99.4471668029, 0.0
74.8241515136, 0.0
22.3356976271, 0.0
38.4673443741, 180.0
84.9441435867, 180.0
99.7942317165, 180.0
77.4953106595, 180.0
26.3536865975, 180.0
34.5928231295, 0.0
82.6636097657, 0.0
99.9754846719, 0.0
80.0935522353, 0.0
30.4199846656, 0.0
30.5649086367, 180.0
80.1798786373, 180.0
99.9782495864, 180.0
82.6044503471, 180.0
34.5237285915, 180.0
26.3868315202, 0.0
77.4872437501, 0.0
99.7898654216, 0.0
85.0129720026, 0.0
38.653038347, 0.0
22.0628810769, 180.0
74.5807089916, 180.0
99.3977642315, 180.0
87.3035140438, 180.0
42.7949985404, 180.0
17.5984736124, 0.0
71.4560825215, 0.0
98.7895566405, 0.0
89.4599485631, 0.0
46.9356462801, 0.0
13.0002187956, 180.0
68.1100740075, 180.0
97.9531248103, 180.0
91.4656773336, 180.0
51.0599662976, 180.0
8.27598321622, 0.0
64.5403946518, 0.0
96.8767228837, 0.0
93.3036957575, 0.0
55.1518941781, 0.0
3.43495025581, 180.0
60.7458594046, 180.0
95.5490848135, 180.0
94.9566667984, 180.0
59.1943285629, 180.0
1.51232468453, 180.0
56.7264906614, 0.0
93.9595393919, 0.0
96.4070053124, 0.0
63.1691532007, 0.0
6.55386462826, 0.0
52.4836226396, 180.0
92.098132198, 180.0
97.636973133, 180.0
67.0572697263, 180.0
11.6762282308, 180.0
48.020005523, 0.0
89.9557540717, 0.0
98.6287851933, 0.0
70.8386420362, 0.0
16.8644749028, 0.0
43.3399083526, 180.0
87.5242756013, 180.0
99.3647268804, 180.0
74.4923531097, 180.0
22.1021390569, 180.0
38.4492195347, 0.0
84.7966869856, 0.0
99.8272827202, 0.0
77.9966750935, 0.0
27.3712147306, 0.0
33.3555437218, 180.0
81.7672424932, 180.0
99.9992763765, 180.0
81.3291534155, 180.0
32.6521518751, 180.0
28.068293715, 0.0
78.4316085971, 0.0
99.864021818, 0.0
84.466705634, 0.0
37.9238656266, 0.0
22.5987759265, 180.0
74.7870147093, 180.0
99.4054853688, 180.0
87.3857356435, 180.0
43.163759887, 180.0
16.9602678394, 0.0
70.8324052825, 0.0
98.6084581937, 0.0
90.0622637642, 0.0
48.3477665386, 0.0
11.168085805, 180.0
66.5685918813, 180.0
97.4587386028, 180.0
92.472073117, 180.0
53.4504015976, 180.0
5.23964142859, 0.0
61.9984036586, 0.0
95.9433233701, 0.0
94.5908725522, 0.0
58.4448395695, 0.0
0.805515280023, 0.0
57.126834506, 180.0
94.0506070593, 180.0
96.3944762349, 180.0
63.3030072099, 180.0
6.94566787789, 180.0
51.9611849784, 0.0
91.7705881395, 0.0
97.8589998102, 0.0
67.9956978073, 0.0
13.156922516, 0.0
46.5111969302, 180.0
89.0950804463, 180.0
98.9610728629, 180.0
72.4927069938, 180.0
19.4132159811, 180.0
40.7891786432, 0.0
86.0179283111, 0.0
99.6780671618, 0.0
76.7629909524, 0.0
25.6863447137, 0.0
34.8101180775, 180.0
82.5352234375, 180.0
99.9883399239, 180.0
80.7748477195, 180.0
31.9460167455, 180.0
28.5917817437, 0.0
78.6455213599, 0.0
99.8714910673, 0.0
84.4961220839, 0.0
38.1599284407, 0.0
22.1547965758, 180.0
74.3500550662, 180.0
99.3086331228, 180.0
87.8944343523, 180.0
44.2938678503, 180.0
15.522712084, 0.0
69.6529431237, 0.0
98.2826721692, 0.0
90.9374329871, 0.0
50.3118463617, 0.0
8.7220400015, 180.0
64.5613894013, 180.0
96.7785978225, 180.0
93.5930708256, 180.0
56.1762601737, 180.0
1.78226858785, 0.0
59.0858712502, 0.0
94.7837799728, 0.0
95.8299042571, 0.0
61.8480829248, 0.0
5.26415124905, 0.0
53.2403127878, 180.0
92.2882696037, 180.0
97.6174143739, 180.0
67.2870905608, 180.0
12.3818508261, 180.0
47.042239731, 0.0
89.2851006748, 0.0
98.9263487122, 0.0
72.4521192408, 0.0
19.5326222876, 0.0
40.5129120538, 180.0
85.77058968, 180.0
99.7290817776, 180.0
77.3013567424, 180.0
26.6755335537, 180.0
33.6774306015, 0.0
81.7446291402, 0.0
99.9999920954, 0.0
81.7926674429, 0.0
33.7670820502, 0.0
26.5648136959, 180.0
77.2109709377, 180.0
99.7158530489, 180.0
85.8839505217, 180.0
40.7613894278, 180.0
19.208039705, 0.0
72.1774950651, 0.0
98.8562342758, 0.0
89.5335305433, 0.0
47.6104391805, 0.0
11.644051548, 180.0
66.6564590563, 180.0
97.4039098816, 180.0
92.7005790539, 180.0
54.264358715, 180.0
3.91371916121, 0.0
60.6647230844, 0.0
95.3452692137, 0.0
95.3455652478, 0.0
60.6717469976, 0.0
3.93824393149, 0.0
54.2239454794, 180.0
92.6707254213, 180.0
97.4307331449, 180.0
66.7800484092, 180.0
11.8634136058, 180.0
47.3607432288, 0.0
89.3751165215, 0.0
98.9206020654, 0.0
72.535972872, 0.0
19.8098410718, 0.0
40.1068118983, 180.0
85.4580931976, 180.0
99.7824865057, 180.0
77.8859616754, 180.0
27.7222947885, 180.0
32.498999351, 0.0
80.9244870983, 0.0
99.9870308093, 0.0
82.7766977254, 0.0
35.5425609465, 0.0
24.5793276674, 180.0
75.784652982, 180.0
99.5087533043, 180.0
87.155658167, 180.0
43.2098045595, 180.0
16.394957778, 0.0
70.054777683, 0.0
98.3265938503, 0.0
90.9717065011, 0.0
50.6609925713, 0.0
7.99809153371, 180.0
63.7571485741, 180.0
96.4244580183, 180.0
94.1757204242, 180.0
57.8313796412, 180.0
0.554193742212, 180.0
56.920373972, 0.0
93.7917504262, 0.0
96.721250688, 0.0
64.6550564356, 0.0
9.20018273722, 0.0
49.5795478083, 180.0
90.4238890863, 180.0
98.565205302, 180.0
71.0655593145, 180.0
17.8738356241, 180.0
41.7763508588, 0.0
86.3227920108, 0.0
99.6685524045, 0.0
76.9965392704, 0.0
26.5051807843, 0.0
33.5590809309, 180.0
81.4973267743, 180.0
99.9970341202, 180.0
82.3824868597, 180.0
35.0207892135, 180.0
24.9826046392, 0.0
75.9637132757, 0.0
99.5218827207, 0.0
87.1595086656, 0.0
43.3443320658, 0.0
16.1082237897, 180.0
69.7458695936, 180.0
98.2205294267, 180.0
91.2661495658, 180.0
51.3972216912, 180.0
7.00344993791, 0.0
62.8756906038, 0.0
96.0772952599, 0.0
94.6442537545, 0.0
59.0993352696, 0.0
2.25831859235, 0.0
55.3932489534, 180.0
93.0840524871, 180.0
97.2398561132, 180.0
66.3698187729, 180.0
11.5982220421, 180.0
47.346908075, 0.0
89.240844433, 0.0
99.0040941444, 0.0
73.1279674803, 0.0
20.932470623, 0.0
38.7933372065, 180.0
84.5564507796, 180.0
99.8941293187, 180.0
79.2941776665, 180.0
30.1729844382, 180.0
29.7974188603, 0.0
79.0488849719, 0.0
99.8740653442, 0.0
84.7909623704, 0.0
39.2281428872, 0.0
20.4320398958, 180.0
72.7458100107, 180.0
98.9158495978, 180.0
89.544022377, 180.0
48.0036428598, 180.0
10.7777582899, 0.0
65.6848587891, 0.0
97.0001427736, 0.0
93.4833617075, 0.0
56.4034631899, 0.0
0.92233889025, 180.0
57.9138452243, 180.0
94.1171407544, 180.0
96.5444350642, 180.0
64.3309308223, 180.0
9.0398471133, 180.0
49.4908527973, 0.0
90.2673318237, 0.0
98.6693128335, 0.0
71.6898819966, 0.0
19.0085625572, 0.0
40.4841877464, 180.0
85.4621716499, 180.0
99.8078474561, 180.0
78.3859094611, 180.0
28.8785860983, 180.0
30.9721851074, 0.0
79.7246580312, 0.0
99.9188232712, 0.0
84.3276843508, 0.0
38.5407348003, 0.0
21.0428570574, 180.0
73.0897872221, 180.0
98.97107037, 180.0
89.4283389195, 180.0
47.8830244102, 180.0
10.7933746217, 0.0
65.6048738174, 0.0
96.9445216101, 0.0
93.6068938497, 0.0
56.7919615401, 0.0
0.329375759215, 180.0
57.3297166698, 180.0
93.8311907808, 180.0
96.7897114258, 180.0
65.1539590869, 180.0
10.2359048586, 180.0
48.3365942123, 0.0
89.6360490452, 0.0
98.9119534928, 0.0
72.8568631808, 0.0
20.7826864052, 0.0
38.7100738596, 180.0
84.3777762432, 180.0
99.919020899, 180.0
79.7915767943, 180.0
31.1858718398, 180.0
28.5466219082, 0.0
78.0893634969, 0.0
99.7679490907, 0.0
85.8537619159, 0.0
41.3164529732, 0.0
17.9540025576, 180.0
70.8185438503, 180.0
98.4287327662, 180.0
90.9455989579, 180.0
51.0430828152, 180.0
7.05045733896, 0.0
62.6280284516, 0.0
95.8855510623, 0.0
94.9775788881, 0.0
60.2338035308, 0.0
4.03634062534, 0.0
53.595527091, 180.0
92.1378637194, 180.0
97.8703005316, 180.0
68.7579143071, 180.0
15.1705595238, 180.0
43.8135337759, 0.0
87.2013481172, 0.0
99.5562426544, 0.0
76.4879592829, 0.0
26.2097068848, 0.0
33.3888604836, 180.0
81.108647057, 180.0
99.9814779062, 180.0
83.3018114818, 180.0
37.0063462788, 180.0
22.4419052978, 0.0
73.9098977618, 0.0
99.1072935522, 0.0
89.0848245111, 0.0
47.4100214651, 0.0
11.1056448198, 180.0
65.673013821, 180.0
96.9116822629, 180.0
93.7320197288, 180.0
57.2693716935, 180.0
0.475654969077, 180.0
56.4836937852, 0.0
93.3906651372, 0.0
97.1502727488, 0.0
66.4344165982, 0.0
12.1480103432, 0.0
46.4451328472, 180.0
88.5594087168, 180.0
99.2604596609, 180.0
74.7589837272, 180.0
23.7495694986, 180.0
35.6774175647, 0.0
82.4530980784, 0.0
99.9995203017, 0.0
82.1032463473, 0.0
35.1127298801, 0.0
24.3165879011, 180.0
75.1275292623, 180.0
99.322393449, 180.0
88.3363338666, 180.0
46.0665064824, 180.0
12.513355973, 0.0
66.6593863696, 0.0
97.2037770532, 0.0
93.3389721592, 0.0
56.4391278147, 0.0
0.431476777171, 180.0
57.1461717009, 180.0
93.6396656739, 180.0
97.0061064044, 180.0
66.060829384, 180.0
11.754227217, 180.0
46.7057613587, 0.0
88.6486172917, 0.0
99.2494549175, 0.0
74.7668076673, 0.0
23.8601784622, 0.0
35.4755638075, 180.0
82.2727027061, 180.0
99.9999390077, 180.0
82.4002907363, 180.0
35.6966767365, 180.0
23.6112649964, 0.0
74.5780929221, 0.0
99.2099313142, 0.0
88.8156751563, 0.0
47.0708263097, 0.0
11.2851507494, 180.0
65.6552433307, 180.0
96.8552634995, 180.0
93.8816726836, 180.0
57.7897240629, 180.0
1.31599480962, 180.0
55.618638185, 0.0
92.9369337765, 0.0
97.4844048269, 0.0
67.6638660622, 0.0
13.9934071181, 0.0
44.6060648686, 180.0
87.4824556535, 180.0
99.5303787248, 180.0
76.5107214681, 180.0
26.5392579769, 180.0
32.7773947748, 0.0
80.5467916211, 0.0
99.9492742321, 0.0
84.1584143376, 0.0
38.7399436958, 0.0
20.3128562194, 180.0
72.2128193929, 180.0
98.6964698028, 180.0
90.4494460672, 180.0
50.3797063176, 180.0
7.41079462796, 0.0
62.5912838101, 0.0
95.7552339131, 0.0
95.2443842061, 0.0
61.2445388054, 0.0
5.71507381958, 0.0
51.8201946849, 180.0
91.1385095599, 180.0
98.4254373784, 180.0
71.1263142842, 180.0
18.8388970172, 180.0
40.0636396908, 0.0
84.890221966, 0.0
99.8998313743, 0.0
79.8270689722, 0.0
31.7263794915, 0.0
27.5099918674, 180.0
77.0860441576, 180.0
99.602898363, 180.0
87.1633586266, 180.0
44.1388887574, 180.0
14.369503315, 0.0
67.8335616435, 0.0
97.5007898868, 0.0
92.9705994791, 0.0
55.8379180854, 0.0
0.871290063182, 180.0
57.2717860889, 180.0
93.5927250651, 180.0
97.1072970852, 180.0
66.5898349193, 180.0
12.7402722772, 180.0
45.5699786247, 0.0
87.9126884655, 0.0
99.4590605967, 0.0
76.1708312216, 0.0
26.2097068848, 0.0
32.9257562301, 180.0
80.5304975522, 180.0
99.9422960254, 180.0
84.3719798858, 180.0
39.2750966833, 180.0
19.5624693482, 0.0
71.552167627, 0.0
98.5074704049, 0.0
91.0042904245, 0.0
51.6731799018, 0.0
5.72585536029, 180.0
61.1195127923, 180.0
95.1418396895, 180.0
95.9036478707, 180.0
63.1447958341, 180.0
8.32000949991, 180.0
49.4089346848, 0.0
89.8715369781, 0.0
98.9355116147, 0.0
73.440580529, 0.0
22.2974180846, 0.0
36.6293664805, 180.0
82.7629244527, 180.0
99.9992461894, 180.0
82.3267973474, 180.0
35.9203385262, 180.0
23.019357788, 0.0
73.92312238, 0.0
99.0319541789, 0.0
89.5911741023, 0.0
48.9002368929, 0.0
8.84330629005, 180.0
63.4996417362, 180.0
96.0116828385, 180.0
95.0486073949, 180.0
60.9523145339, 180.0
5.61313597623, 180.0
51.6790634244, 0.0
90.9598809698, 0.0
98.5465863029, 0.0
71.8020391777, 0.0
20.0484304277, 0.0
38.6847265698, 180.0
83.9429913319, 180.0
99.970182283, 180.0
81.1918311005, 180.0
34.1512183277, 180.0
24.7734107455, 0.0
75.0730765395, 0.0
99.2464505075, 0.0
88.887750027, 0.0
47.6069857922, 0.0
10.2310218908, 180.0
64.5073930498, 180.0
96.3480902809, 180.0
94.6860155178, 180.0
60.1052034058, 180.0
4.63268134571, 180.0
52.4468484042, 0.0
91.2962190428, 0.0
98.4191840942, 0.0
71.3467935936, 0.0
19.4902556121, 0.0
39.1333011858, 180.0
84.1621260113, 180.0
99.9618008935, 180.0
81.0517580045, 180.0
34.0035406675, 180.0
24.8456908421, 0.0
75.0678879025, 0.0
99.2353427979, 0.0
88.9667790615, 0.0
47.831303085, 0.0
9.89501515187, 180.0
64.1857503942, 180.0
96.2122742484, 180.0
94.8725953356, 180.0
60.6374033649, 180.0
5.38179394709, 180.0
51.7362049392, 0.0
90.9190467347, 0.0
98.5909403151, 0.0
72.0993071673, 0.0
20.6290109313, 0.0
37.9847208924, 180.0
83.4378885059, 180.0
99.9908292139, 180.0
81.916737303, 180.0
35.4801532344, 180.0
23.2371272011, 0.0
73.9072524963, 0.0
98.9939793765, 0.0
89.8202428025, 0.0
49.5667584462, 0.0
7.83367549745, 180.0
62.5208177366, 180.0
95.579157142, 180.0
95.5794458154, 180.0
62.5277134085, 180.0
7.85814352996, 180.0
49.5249723738, 0.0
89.7852581525, 0.0
99.0107172403, 0.0
74.0189155982, 0.0
23.4519170933, 0.0
35.2147443848, 180.0
81.7129492685, 180.0
99.9840287246, 180.0
83.7230201858, 180.0
38.5516053844, 180.0
19.928188462, 0.0
71.5247285246, 0.0
98.4287327662, 0.0
91.3590042078, 0.0
52.7616187264, 0.0
4.03928346649, 180.0
59.4432947326, 180.0
94.3380346915, 180.0
96.6912636231, 180.0
65.6974422918, 180.0
12.0505568295, 180.0
45.7481599699, 0.0
87.771940681, 0.0
99.5379507337, 0.0
76.9965392704, 0.0
27.9222075666, 0.0
30.770485576, 180.0
78.8584949214, 180.0
99.7782595522, 180.0
86.3292341124, 180.0
43.1495900317, 180.0
14.8861744396, 0.0
67.7931562821, 0.0
97.358375995, 0.0
93.4092550404, 0.0
57.3112141799, 0.0
1.49269194688, 0.0
54.8362102285, 180.0
92.2958288763, 180.0
98.0036008282, 180.0
70.0022151553, 180.0
17.9279254631, 180.0
40.3081642834, 0.0
84.6820068739, 0.0
99.9413921487, 0.0
80.8465549613, 0.0
33.9666081288, 0.0
24.5831341682, 180.0
74.6826459517, 180.0
99.1213736793, 180.0
89.5090302688, 180.0
49.1535130072, 180.0
8.08029142079, 0.0
62.5361407889, 0.0
95.5177504295, 0.0
95.7067063317, 0.0
63.0442558477, 0.0
8.74648989607, 0.0
48.5495918537, 180.0
89.1840709392, 180.0
99.2193866823, 180.0
75.2188171679, 180.0
25.4205818112, 180.0
33.0925657405, 0.0
80.2549111992, 0.0
99.8987300881, 0.0
85.2950355805, 0.0
41.4558738962, 0.0
16.58861873, 180.0
68.9451661056, 180.0
97.6756412479, 180.0
92.9416443935, 180.0
56.3710316705, 180.0
0.495289691804, 180.0
55.5468192163, 0.0
92.5655906117, 0.0
97.8904068114, 0.0
69.7043487447, 0.0
17.6612876802, 0.0
40.4231353299, 180.0
84.6715618126, 180.0
99.9469021787, 180.0
81.0287508084, 180.0
34.3947020707, 180.0
24.0003022449, 0.0
74.1843822974, 0.0
98.9995280127, 0.0
89.966472103, 0.0
50.1794302218, 0.0
6.75663580967, 180.0
61.3802630896, 180.0
95.0263110567, 180.0
96.2029011424, 180.0
64.5141443569, 180.0
10.7904465798, 180.0
46.6154559071, 0.0
88.0991657104, 0.0
99.4990842936, 0.0
76.928840578, 0.0
28.099387547, 0.0
30.3180281842, 180.0
78.3852998522, 180.0
99.702385149, 180.0
87.0011976276, 180.0
44.6210015842, 180.0
12.9768564436, 0.0
66.1455455069, 0.0
96.7548256744, 0.0
94.3721787037, 0.0
59.8160706996, 0.0
4.87195707275, 0.0
51.7294836043, 180.0
90.6986825713, 180.0
98.7602957542, 180.0
73.1734859024, 180.0
22.6609340729, 180.0
35.5673360874, 0.0
81.6789791416, 0.0
99.9739618547, 0.0
84.2283389601, 0.0
39.808923012, 0.0
18.1587120546, 180.0
69.9425984124, 180.0
97.9213850798, 180.0
92.5793285377, 180.0
55.7401460779, 180.0
0.0584139850716, 0.0
55.833845798, 0.0
92.6175076125, 0.0
97.9048249127, 0.0
69.9039969164, 0.0
18.1403686446, 0.0
39.7864067378, 180.0
84.1875667797, 180.0
99.9769405351, 180.0
81.794926666, 180.0
35.8250324011, 180.0
22.3117733163, 0.0
72.866949448, 0.0
98.672981713, 0.0
90.9717065011, 0.0
52.3841424944, 0.0
3.98434985611, 180.0
58.9971259999, 180.0
93.9837107697, 180.0
97.0753287942, 180.0
67.2289692052, 180.0
14.5764138444, 180.0
43.017582178, 0.0
86.0179283111, 0.0
99.844809302, 0.0
79.8152413232, 0.0
32.7263768275, 0.0
25.4538127201, 180.0
75.0029908806, 180.0
99.1301817767, 180.0
89.6643210159, 180.0
49.8189361557, 180.0
6.90159524767, 0.0
61.2810082429, 0.0
94.90203544, 0.0
96.3829724427, 0.0
65.2284044938, 0.0
11.9920791403, 0.0
45.300613648, 180.0
87.2570350902, 180.0
99.6808946124, 180.0
78.3737158465, 180.0
30.5508868241, 180.0
27.6043653547, 0.0
76.4189821978, 0.0
99.3852201602, 0.0
88.7415709851, 0.0
48.0931864455, 0.0
8.81201301137, 180.0
62.7351208558, 180.0
95.4512474692, 180.0
95.9080964802, 180.0
63.9573599732, 180.0
10.3999581653, 180.0
46.6675611428, 0.0
87.9687741211, 0.0
99.5580884517, 0.0
77.5275656727, 0.0
29.3219162694, 0.0
28.7798792686, 180.0
77.1635338009, 180.0
99.500947251, 180.0
88.2589112091, 180.0
47.2370501311, 180.0
9.71915245255, 0.0
63.3934037039, 0.0
95.6824840635, 0.0
95.7010129697, 0.0
63.4488142041, 0.0
9.80611061482, 0.0
47.1392407699, 180.0
88.1918950374, 180.0
99.5189055965, 180.0
77.308829931, 180.0
29.0514839979, 180.0
28.9904167357, 0.0
77.263351447, 0.0
99.5103071492, 0.0
88.2441368085, 0.0
47.2647377998, 0.0
9.62534656779, 180.0
63.2718421807, 180.0
95.6183321466, 180.0
95.7826413026, 180.0
63.7155411429, 180.0
10.2124663885, 180.0
46.7231222124, 0.0
87.9388769601, 0.0
99.5756128041, 0.0
77.7256129913, 0.0
29.7421219696, 0.0
28.2378605577, 180.0
76.7220776112, 180.0
99.416126773, 180.0
88.6980861776, 180.0
48.1757975654, 180.0
8.53033473719, 0.0
62.3674547405, 0.0
95.2524579754, 0.0
96.1448043761, 0.0
64.7508705745, 0.0
11.6177242618, 0.0
45.4126079739, 180.0
87.1955809392, 180.0
99.7102792638, 180.0
78.7624102627, 180.0
31.3872834451, 180.0
26.515593611, 0.0
75.520137689, 0.0
99.1910997569, 0.0
89.5946628158, 0.0
49.9550734006, 0.0
6.4314051017, 180.0
60.6584792078, 180.0
94.5497087573, 180.0
96.75011058, 180.0
66.5282885405, 180.0
14.0167368439, 180.0
43.1876691019, 0.0
85.9216443702, 0.0
99.8747048447, 0.0
80.3794890969, 0.0
33.9703016178, 0.0
23.8096454384, 180.0
73.6155783728, 180.0
98.7779551668, 180.0
90.8801730409, 180.0
52.5713397532, 180.0
3.32505734544, 0.0
58.1057681418, 0.0
93.4467085256, 0.0
97.5314506854, 0.0
68.999901944, 0.0
17.3983873381, 0.0
40.0168597582, 180.0
84.0516667827, 180.0
99.9902896752, 180.0
82.5113806381, 180.0
37.4619235871, 180.0
20.1013273372, 0.0
70.9459659682, 0.0
98.0899073046, 0.0
92.4720731113, 0.0
55.9746686649, 0.0
0.789807816477, 0.0
54.6554673721, 180.0
91.8530713399, 180.0
98.3912429833, 180.0
72.0938645828, 180.0
21.7419812968, 180.0
35.8607765765, 0.0
81.497326766, 0.0
99.9480158694, 0.0
85.0646272302, 0.0
41.8164855416, 0.0
15.371397687, 180.0
67.4314873109, 180.0
97.0115877699, 180.0
94.257319746, 180.0
60.0926486952, 180.0
5.90717116666, 180.0
50.2431065284, 0.0
89.6534514846, 0.0
99.2006670163, 0.0
75.7109443686, 0.0
27.0122076591, 0.0
30.6770592423, 180.0
78.1506520817, 180.0
99.6088196525, 180.0
87.9150277804, 180.0
46.9668514409, 180.0
9.60580259329, 0.0
62.9794581196, 0.0
95.4007620437, 0.0
96.0906255398, 0.0
64.8256542084, 0.0
12.0076735937, 0.0
44.7992673714, 180.0
86.7107380337, 180.0
99.7992367147, 180.0
79.7205093537, 180.0
33.1527771214, 180.0
24.4270366069, 0.0
73.8887324035, 0.0
98.8047378832, 0.0
90.9047339895, 0.0
52.8183174241, 0.0
2.8030133885, 180.0
57.4904845207, 180.0
93.0912257354, 180.0
97.7930364618, 180.0
70.0414653723, 180.0
19.050970077, 180.0
38.2570052036, 0.0
82.8707730829, 0.0
99.9951759679, 0.0
83.9563274186, 0.0
40.0789308177, 0.0
17.08409755, 180.0
68.5802077371, 180.0
97.3413124024, 180.0
93.8396747818, 180.0
59.2417943176, 180.0
5.01707798832, 180.0
50.8665327293, 0.0
89.8973529151, 0.0
99.1513705102, 0.0
75.5696676588, 0.0
26.9668325008, 0.0
30.5611694841, 180.0
77.9690193793, 180.0
99.5671683812, 180.0
88.2127120654, 180.0
47.669135416, 180.0
8.64379679075, 0.0
62.0938738926, 0.0
95.0018203639, 0.0
96.4879220366, 0.0
66.0667251774, 0.0
13.8028520087, 0.0
43.0211270523, 180.0
85.6208195028, 180.0
99.9191784064, 180.0
81.1964154174, 180.0
35.6453154094, 180.0
21.6796897064, 0.0
71.8396108332, 0.0
98.2681483084, 0.0
92.2417013384, 0.0
55.7564464568, 0.0
0.864418082665, 0.0
54.309705195, 180.0
91.5539556981, 180.0
98.5797502038, 180.0
73.0743741165, 180.0
23.4595517799, 180.0
33.8918034172, 0.0
80.0600331378, 0.0
99.8199971328, 0.0
86.6603228824, 0.0
44.9264907542, 0.0
11.616749038, 180.0
64.3271718652, 180.0
95.8318667684, 180.0
95.7521192, 180.0
64.1202301594, 180.0
11.3641605889, 180.0
45.1324874447, 0.0
86.7595979286, 0.0
99.8102714696, 0.0
79.9923313983, 0.0
33.8373024515, 0.0
23.4547797669, 180.0
73.0227476464, 180.0
98.5537468174, 180.0
91.6504366597, 180.0
54.5905008189, 180.0
0.427549812854, 0.0
55.3016692433, 0.0
91.9829819684, 0.0
98.4115219281, 0.0
72.4791785557, 0.0
22.7183019831, 0.0
34.5080635246, 180.0
80.3882464238, 180.0
99.8456250423, 180.0
86.4913047078, 180.0
44.7193754814, 180.0
11.7415524305, 0.0
64.3422020661, 0.0
95.8071453334, 0.0
95.8074264429, 0.0
64.3489652946, 0.0
11.7659258825, 0.0
44.676342236, 180.0
86.4513622551, 180.0
99.85215051, 180.0
80.4868181703, 180.0
34.7153025692, 180.0
22.4419039007, 0.0
72.2345433831, 0.0
98.3337336053, 0.0
92.1854842786, 0.0
55.8118489639, 0.0
1.14322020885, 0.0
53.8968764894, 180.0
91.2689503699, 180.0
98.7292751072, 180.0
73.8390907911, 180.0
24.7591408965, 180.0
32.4284243611, 0.0
78.9911169301, 0.0
99.6820579655, 0.0
87.7309711668, 0.0
47.0569610571, 0.0
9.01931348743, 180.0
62.1400281826, 180.0
94.9205735221, 180.0
96.6379445624, 180.0
66.7361814838, 180.0
15.0036294419, 180.0
41.6335769071, 0.0
84.6506473333, 0.0
99.9828135787, 0.0
82.6221369401, 0.0
38.2506482189, 0.0
18.6219093958, 180.0
69.4045529409, 180.0
97.5025127764, 180.0
93.7388382936, 180.0
59.3492931224, 180.0
5.57392613701, 180.0
50.0188320971, 0.0
89.2726929636, 0.0
99.3726283794, 0.0
77.0265766562, 0.0
29.5358330888, 0.0
27.5930329166, 180.0
75.7128426187, 180.0
99.1223769531, 180.0
90.1881440119, 180.0
51.8310896264, 180.0
3.43102419504, 0.0
57.5707612051, 0.0
92.9325433919, 0.0
97.9894777521, 0.0
71.0986710556, 0.0
21.0322890551, 0.0
35.8864172256, 180.0
81.1063061777, 180.0
99.8943889808, 180.0
86.1343118156, 180.0
44.3149640282, 180.0
11.936513875, 0.0
64.2970584019, 0.0
95.7165946244, 0.0
95.9689556806, 0.0
64.9779702955, 0.0
12.8376308337, 0.0
43.4778435389, 180.0
85.6410286393, 180.0
99.9353809753, 180.0
81.7157036494, 180.0
36.9150880953, 180.0
19.889684845, 0.0
70.2226494697, 0.0
97.7182694047, 0.0
93.4413590758, 0.0
58.7883840382, 0.0
5.02883796489, 0.0
50.3618321618, 180.0
89.3838042411, 180.0
99.3614929511, 180.0
77.0590358389, 180.0
29.7270802374, 180.0
27.2568982143, 0.0
75.386004928, 0.0
99.0345117513, 0.0
90.5295181094, 0.0
52.6380389026, 0.0
2.33585178882, 180.0
56.5483766994, 180.0
92.4086023197, 180.0
98.2855421019, 180.0
72.2785031435, 180.0
22.8291404677, 180.0
34.0210006846, 0.0
79.8357398384, 0.0
99.7628544863, 0.0
87.3472901299, 0.0
46.6196688813, 0.0
9.21481974346, 180.0
62.0598214589, 180.0
94.793493125, 180.0
96.8150096897, 180.0
67.4754705874, 180.0
16.2835170118, 180.0
40.1785995428, 0.0
83.6275517696, 0.0
99.9990353335, 0.0
83.9986266625, 0.0
40.8114136488, 0.0
15.5808317011, 180.0
66.9279530471, 180.0
96.6180356953, 180.0
95.0505796422, 180.0
62.7386225256, 180.0
10.1381870027, 180.0
45.7374316878, 0.0
86.8215227078, 0.0
99.8351204997, 0.0
80.5771206454, 0.0
35.2779120692, 0.0
21.4187862386, 180.0
71.1913520398, 180.0
97.9611106756, 180.0
93.0851558311, 180.0
58.1444654249, 180.0
4.42865220318, 180.0
50.7138886117, 0.0
89.4797900291, 0.0
99.3580836169, 0.0
77.1659430637, 0.0
30.0715922532, 0.0
26.723519531, 180.0
74.8930295752, 180.0
98.8991669894, 180.0
91.0032825122, 180.0
53.7580903615, 180.0
0.820231245605, 0.0
55.1307388449, 0.0
91.6645757026, 0.0
98.6487816029, 0.0
73.8380832749, 0.0
25.2340741097, 0.0
31.4977213887, 180.0
78.0783567529, 180.0
99.504841867, 180.0
88.8808934739, 180.0
49.6341121415, 180.0
5.59245317024, 0.0
59.0150722666, 0.0
93.436551212, 0.0
97.7812664568, 0.0
70.656814517, 0.0
20.7976146221, 0.0
35.7500007203, 180.0
80.7932815809, 180.0
99.8459081687, 180.0
86.7853190855, 180.0
45.8177133462, 180.0
9.87912875589, 0.0
62.3964768541, 0.0
94.8535077361, 0.0
96.8223723989, 0.0
67.6763144658, 0.0
16.786539452, 0.0
39.493124828, 180.0
83.082818543, 180.0
99.9845004929, 180.0
84.7754858155, 180.0
42.3457328166, 180.0
13.6768927647, 0.0
65.3054477236, 0.0
95.9692963312, 0.0
95.8315203177, 0.0
64.9423795522, 0.0
13.2186165061, 0.0
42.7424457927, 180.0
84.9897892601, 180.0
99.976571566, 180.0
82.9022492129, 180.0
39.2477486168, 180.0
16.9864333276, 0.0
67.7720204489, 0.0
96.8330006754, 0.0
94.8606855423, 0.0
62.4931805319, 0.0
10.1063375584, 0.0
45.5145185833, 180.0
86.5537887432, 180.0
99.8715322615, 180.0
81.2088082442, 180.0
36.547115036, 180.0
19.811181165, 0.0
69.8246153068, 0.0
97.488304826, 0.0
93.9544799714, 0.0
60.3600151125, 0.0
7.45808277947, 0.0
47.825909256, 180.0
87.8103499659, 180.0
99.7120318006, 180.0
79.7311558479, 180.0
34.2619214879, 180.0
22.1561632557, 0.0
71.4890759781, 0.0
97.9730199754, 0.0
93.1503051369, 0.0
58.5680210519, 0.0
5.27915008776, 0.0
49.6921874327, 180.0
88.7902795269, 180.0
99.5338388156, 180.0
78.4985272976, 180.0
32.4058481765, 180.0
24.0270250495, 0.0
72.7878849898, 0.0
98.3187369654, 0.0
92.478538544, 0.0
57.1368198732, 0.0
3.57263665748, 0.0
51.1270949442, 180.0
89.519138689, 180.0
99.3657887053, 180.0
77.5338142752, 180.0
30.988899108, 180.0
25.4292221265, 0.0
73.7395385473, 0.0
98.5505750381, 0.0
91.9627213902, 0.0
56.0810671713, 0.0
2.34016383217, 0.0
52.1418818166, 180.0
90.0168467752, 180.0
99.2297678452, 180.0
76.8539183527, 180.0
30.0179975125, 180.0
26.3673805368, 0.0
74.3580650834, 0.0
98.6870017358, 0.0
91.6197214205, 0.0
55.410890423, 0.0
1.58243924877, 0.0
52.7448014553, 180.0
90.2973875631, 180.0
99.1407106009, 180.0
76.4700228648, 180.0
29.4974321306, 180.0
26.8448247004, 0.0
74.6526746483, 0.0
98.7397038535, 0.0
91.4598501748, 0.0
55.1321993698, 0.0
1.29965138353, 0.0
52.940758706, 180.0
90.3686037618, 180.0
99.1065906713, 180.0
76.3877669874, 180.0
29.4291452846, 180.0
26.8632724886, 0.0
74.6275299821, 0.0
98.7134948145, 0.0
91.4869192827, 0.0
55.2468575625, 0.0
1.49169219096, 0.0
52.7311072488, 180.0
90.2320697773, 180.0
99.1283940664, 180.0
76.6073103682, 180.0
29.8128554204, 180.0
26.4226987183, 0.0
74.2816345972, 0.0
98.6062497513, 0.0
91.6982258651, 0.0
55.7527067755, 0.0
2.15820327918, 0.0
52.1135963147, 180.0
89.8830386885, 180.0
99.2000670859, 180.0
77.1232810782, 180.0
30.6460081314, 180.0
25.5213705335, 0.0
73.6088383234, 0.0
98.4088659548, 0.0
92.0844626851, 0.0
56.64343896, 0.0
3.29844042779, 0.0
51.0824707997, 180.0
89.3104656206, 180.0
99.3084391132, 180.0
77.9246042252, 180.0
31.9235508747, 180.0
24.1560607471, 0.0
72.5979663937, 0.0
98.1052532465, 0.0
92.6295546681, 0.0
57.9083135623, 0.0
4.91095052971, 0.0
49.6287332728, 180.0
88.4971164668, 180.0
99.4331270491, 180.0
78.994213603, 180.0
33.6375280345, 180.0
22.3224478757, 0.0
71.2330841192, 0.0
97.6723662902, 0.0
93.3104300443, 0.0
59.5317217329, 0.0
6.99305462279, 0.0
47.740580844, 180.0
87.4197781055, 180.0
99.5464359175, 180.0
80.3086545838, 180.0
35.7764950999, 180.0
20.0157139146, 0.0
69.4939153114, 0.0
97.0802989187, 0.0
94.0967419123, 0.0
61.4926036551, 0.0
9.54013102099, 0.0
45.4040340476, 180.0
86.0495937583, 180.0
99.6132787408, 180.0
81.8375934771, 180.0
38.3247540074, 180.0
17.2313524265, 0.0
67.3564385509, 0.0
96.2924691787, 0.0
94.950564745, 0.0
63.7637313685, 0.0
12.5446942098, 0.0
42.603778322, 180.0
84.3525547062, 180.0
99.591148269, 180.0
83.5432571288, 180.0
41.2614167009, 180.0
13.9661996576, 0.0
64.7936907562, 0.0
95.2659328485, 0.0
95.8261004434, 0.0
66.310877551, 0.0
15.9952687698, 0.0
39.3242407563, 180.0
82.2901868475, 180.0
99.4301835213, 180.0
85.3798369636, 180.0
44.5593112884, 180.0
10.2196994531, 0.0
61.7768116674, 0.0
93.9518723433, 0.0
96.6694400767, 0.0
69.0919012118, 0.0
19.8750638445, 0.0
35.5509247436, 180.0
79.8204769575, 180.0
99.0733851364, 180.0
87.2929041691, 180.0
48.1837554235, 180.0
5.99540789705, 0.0
58.2763650265, 0.0
92.2963166629, 0.0
97.4184403128, 0.0
72.055794498, 0.0
24.1604633372, 0.0
31.2720221148, 180.0
76.8990881695, 180.0
98.457044746, 180.0
89.218897344, 180.0
52.0912352619, 180.0
1.3027349203, 0.0
54.2639713692, 0.0
90.2411554875, 0.0
98.0027873553, 0.0
75.1417510428, 0.0
28.8193608562, 0.0
26.4803151216, 180.0
73.4809159977, 180.0
97.5114641619, 180.0
91.0847603834, 180.0
56.2280459423, 180.0
3.84109335414, 180.0
49.7142821777, 0.0
87.7255155174, 0.0
98.3443351846, 0.0
78.2783353585, 0.0
33.8093870443, 0.0
21.1753680914, 180.0
69.5220337473, 180.0
96.1620488488, 180.0
92.8078260032, 180.0
60.528971104, 180.0
9.40888693174, 180.0
44.6073142281, 0.0
84.6875680589, 0.0
98.357817783, 0.0
81.3828541914, 0.0
39.0761007201, 0.0
15.3659894845, 180.0
64.9820676653, 180.0
94.3308652012, 180.0
94.2960578435, 180.0
64.9161041724, 180.0
15.3612198931, 180.0
38.931144734, 0.0
81.0668317105, 0.0
97.9520449695, 0.0
84.3610533284, 0.0
44.5512441237, 0.0
9.07291838914, 180.0
59.8270257738, 180.0
91.9387503171, 180.0
95.4487796607, 180.0
69.2979419852, 180.0
21.6441271214, 180.0
32.684940886, 0.0
76.8070204891, 0.0
97.0316959838, 0.0
87.1072851757, 0.0
50.1511957503, 0.0
2.33165452047, 180.0
54.0325780318, 180.0
88.9080535474, 180.0
96.158030999, 180.0
73.5689099623, 180.0
28.1869013468, 180.0
25.8822604375, 0.0
71.8594633751, 0.0
95.4998209496, 0.0
89.5053106719, 0.0
55.7757900382, 0.0
4.80469239966, 0.0
47.5877475889, 180.0
85.1660680781, 180.0
96.3106914698, 180.0
77.6095045053, 180.0
34.900165147, 180.0
18.5545126314, 0.0
66.1870837113, 0.0
93.261144198, 0.0
91.4299099271, 0.0
61.3077086561, 0.0
12.2627083277, 0.0
40.4989223051, 180.0
80.6491751033, 180.0
95.79150615, 180.0
81.2872585426, 180.0
41.6744375554, 180.0
10.7544116175, 0.0
59.7688743101, 0.0
90.2262313229, 0.0
92.7494746231, 0.0
66.6126789606, 0.0
19.9463649507, 0.0
32.7940324438, 180.0
75.3076701113, 180.0
94.4871180089, 180.0
84.458744785, 180.0
48.3794574104, 180.0
2.5591897815, 0.0
52.6047357675, 0.0
86.3165301514, 0.0
93.32973618, 0.0
71.5407355672, 0.0
27.7353783778, 0.0
24.5266661599, 180.0
69.1111687516, 180.0
92.2911650196, 180.0
86.9728219759, 180.0
54.8645592879, 180.0
5.9267296192, 180.0
44.720462318, 0.0
81.4702218209, 0.0
93.038741216, 0.0
75.9288036815, 0.0
35.4845692657, 0.0
15.7798130658, 180.0
62.0543987758, 180.0
89.1104257863, 180.0
88.6752952586, 180.0
60.9604147822, 180.0
14.5699657042, 180.0
36.1725650338, 0.0
75.6487208531, 0.0
91.7531146117, 0.0
79.6048396932, 0.0
43.0245904766, 0.0
6.66884453409, 180.0
54.163077358, 180.0
84.8718958118, 180.0
89.415095945, 180.0
66.4824425966, 180.0
23.2077360304, 180.0
27.0525228643, 0.0
68.8435442522, 0.0
89.3655467344, 0.0
82.3937071394, 0.0
50.1643957876, 0.0
2.65673261267, 0.0
45.4994558701, 180.0
79.530547463, 180.0
89.0519829523, 180.0
71.2361452573, 180.0
31.6491793855, 180.0
17.4899581758, 0.0
61.0831347342, 0.0
85.7933040931, 0.0
84.1248670659, 0.0
56.6957927669, 0.0
12.0132617226, 0.0
36.1669973071, 180.0
73.077374818, 180.0
87.4656251929, 180.0
75.0245387217, 180.0
39.6788777312, 180.0
7.65415912642, 0.0
52.4390824678, 0.0
80.9873951702, 0.0
84.641816191, 0.0
62.4003428851, 0.0
21.1851850378, 0.0
26.3135498962, 180.0
65.5471597099, 180.0
84.5657429192, 180.0
77.6576964774, 180.0
47.0629454073, 180.0
2.24666616795, 180.0
43.0310586835, 0.0
74.9418344262, 0.0
83.8130137746, 0.0
67.0587323039, 0.0
29.9300352622, 0.0
16.132313159, 180.0
57.0252332916, 180.0
80.3027743034, 180.0
78.9642291909, 180.0
53.557923732, 180.0
11.9689996063, 180.0
33.029673969, 0.0
67.7022534328, 0.0
81.5438049784, 0.0
70.462532066, 0.0
37.9865344154, 0.0
5.85988212043, 180.0
47.652370533, 180.0
74.678306945, 180.0
78.8042687778, 180.0
58.9225147347, 180.0
21.2409879351, 180.0
22.6564290284, 0.0
59.3729321024, 0.0
77.7885895707, 0.0
72.4279982416, 0.0
45.0859654794, 0.0
4.22927526906, 0.0
37.6268709094, 180.0
67.7542967447, 180.0
77.0832354436, 180.0
62.9319074987, 180.0
29.7730954422, 180.0
12.1799632773, 0.0
50.1211952795, 0.0
72.5622247227, 0.0
72.8112426583, 0.0
50.9666946995, 0.0
13.8323822109, 0.0
27.2028782583, 180.0
59.6599212332, 180.0
73.7653624065, 180.0
65.3941037231, 180.0
37.2724579674, 180.0
1.90795257409, 0.0
40.1780756951, 0.0
65.9494239975, 0.0
71.5237571992, 0.0
55.3913521719, 0.0
22.6321481862, 0.0
16.6841072435, 180.0
50.5948201837, 180.0
68.8856720037, 180.0
66.1672584881, 180.0
43.4605726531, 180.0
7.82571884018, 180.0
29.8342197935, 0.0
58.1107645871, 0.0
68.5469369065, 0.0
58.1657465401, 0.0
30.314582354, 0.0
6.41239854732, 180.0
40.827505201, 180.0
62.558885615, 180.0
65.17665615, 180.0
48.0934876774, 180.0
16.6784779679, 180.0
19.4302402218, 0.0
49.2838893203, 0.0
63.9439696865, 0.0
59.1581346017, 0.0
36.5901078001, 0.0
3.24906652556, 0.0
30.6879110458, 180.0
54.9836622052, 180.0
62.4295933549, 180.0
50.983142593, 180.0
24.3207059483, 180.0
9.34111844206, 0.0
39.7786355674, 0.0
57.867303171, 0.0
58.3170446176, 0.0
41.216688463, 0.0
11.9375040002, 0.0
20.553443071, 180.0
46.4406508874, 180.0
58.0262071418, 180.0
52.0180111291, 180.0
30.4603106731, 180.0
0.0451657530037, 180.0
29.9651768225, 0.0
50.5599251891, 0.0
55.685534638, 0.0
44.0231033555, 0.0
19.3161538517, 0.0
10.8284560297, 180.0
37.2831580222, 180.0
52.1642375652, 180.0
51.1807913146, 180.0
34.868379354, 180.0
8.35387972742, 180.0
20.2548417082, 0.0
42.3489597209, 0.0
51.4096345641, 0.0
44.9300008931, 0.0
25.1019967968, 0.0
1.91785983025, 180.0
27.9197958983, 180.0
45.135918408, 180.0
48.560661793, 180.0
37.4034602927, 180.0
15.2529493434, 180.0
11.074066679, 0.0
33.630622852, 0.0
45.7388516388, 0.0
43.9660378566, 0.0
29.0930592852, 0.0
5.8035679969, 0.0
18.7892937242, 180.0
37.3156960059, 180.0
44.3576689502, 180.0
38.0315841819, 180.0
20.4830188758, 180.0
2.83289132394, 0.0
24.8464087424, 0.0
39.0170762445, 0.0
41.2763559591, 0.0
31.1922475618, 0.0
12.0236696711, 0.0
10.3286665341, 180.0
29.1383019535, 180.0
38.877203703, 180.0
36.8389744866, 180.0
23.8849601135, 180.0
4.10957610416, 180.0
16.4514451031, 0.0
31.6630381903, 0.0
37.1209660812, 0.0
31.424370044, 0.0
16.523888184, 0.0
2.93705944867, 180.0
21.0678204269, 180.0
32.5133138749, 180.0
34.0346218539, 180.0
25.4212176186, 180.0
9.47934737683, 180.0
8.87717914706, 0.0
24.1406135304, 0.0
31.861356325, 0.0
29.9431262024, 0.0
19.2048795743, 0.0
3.06132889397, 0.0
13.5597069322, 180.0
25.720770848, 180.0
29.940586987, 180.0
25.1873747884, 180.0
13.1173130928, 180.0
2.49178170353, 0.0
16.9206860094, 0.0
25.934822345, 0.0
27.0254566639, 0.0
20.1027557433, 0.0
7.45097016563, 0.0
7.01908277004, 180.0
18.9772929525, 180.0
24.9690736026, 180.0
23.4108519696, 180.0
15.0001987197, 180.0
2.43730405308, 180.0
10.437774315, 0.0
19.8175720339, 0.0
23.0518054295, 0.0
19.3923763268, 0.0
10.15065058, 0.0
1.75984391224, 180.0
12.7389719909, 180.0
19.5869250902, 180.0
20.4347660193, 180.0
15.2486390792, 180.0
5.77361150473, 180.0
5.04603171637, 0.0
13.9794330026, 0.0
18.4725024379, 0.0
17.3751702296, 0.0
11.2264596314, 0.0
2.03005489683, 0.0
7.3935296181, 180.0
14.2701011442, 180.0
16.686668832, 180.0
14.119279552, 180.0
7.52962919539, 180.0
0.9802495445, 0.0
8.83475898592, 0.0
13.7624958055, 0.0
14.4506702954, 0.0
10.8884397564, 0.0
4.31159078706, 0.0
3.21726892487, 180.0
9.45264658821, 180.0
12.6340123086, 180.0
11.9795124687, 180.0
7.86821833672, 180.0
1.67211809527, 180.0
4.69559357927, 0.0
9.368806502, 0.0
11.0731721021, 0.0
9.4688920793, 0.0
5.20102907968, 0.0
0.342186522547, 180.0
5.47635920693, 180.0
8.73051570093, 180.0
9.26576920238, 180.0
7.0848157088, 180.0
2.98237435192, 180.0
1.73398046568, 0.0
5.65701254269, 0.0
7.69743716395, 0.0
7.38271528827, 0.0
4.95631088556, 0.0
1.26059363006, 0.0
2.54844113292, 180.0
5.35979130201, 180.0
6.42897264613, 180.0
5.57020381678, 180.0
3.17140021349, 180.0
0.0397935454634, 180.0
2.86440988211, 0.0
4.71979107591, 0.0
5.0730059623, 0.0
3.9426084675, 0.0
1.77628519098, 0.0
0.714538687567, 180.0
2.78420147347, 180.0
3.87343817381, 180.0
3.75663895294, 180.0
2.57831829225, 180.0
0.777485945305, 180.0
1.06786268403, 0.0
2.42287466018, 0.0
2.94808657229, 0.0
2.5793397334, 0.0
1.5185054315, 0.0
0.146516930602, 0.0
1.1075524152, 180.0
1.89772172466, 180.0
2.05331984224, 180.0
1.60873016832, 180.0
0.768633713342, 180.0
0.17344584874, 0.0
0.933227030471, 0.0
1.31865227761, 0.0
1.27437725953, 0.0
0.879049928958, 0.0
0.302358040377, 0.0
0.259529251255, 180.0
0.647144102982, 180.0
0.78002888065, 180.0
0.667949754184, 180.0
0.392159713005, 180.0
0.0673425437781, 180.0
0.200414415503, 0.0
0.345288377648, 0.0
0.35436973676, 0.0
0.260417995438, 0.0
0.12079591151, 0.0
0.00755564182523, 180.0
0.0875185201311, 180.0
0.109689122004, 180.0
0.0881780787644, 180.0
0.0484426588683, 180.0
0.0136703859646, 180.0
0.00432914515591, 0.0
0.00669884681007, 0.0
0.00237473076856, 0.0
##END