   320.3    -30.42    -32.42
   296.0    -14.83    -16.83
   256.6    -29.50    -31.50
   239.6    -31.33    -33.33
   204.2    -32.25    -34.25
   203.1    -13.92    -15.92
   184.1    -33.17    -35.17
   165.7    -28.58    -30.58
   165.3    -23.08    -25.08
   154.0    -13.00    -15.00
   152.5    -22.17    -24.17
   151.6    -15.75    -17.75
   144.0    -27.67    -29.67
   137.2    -34.08    -36.08
   134.2    -35.00    -37.00
   133.1    -26.75    -28.75
   112.2    -18.50    -20.50
   105.0    -16.67    -18.67
   101.4    -25.83    -27.83
    93.1    -17.58    -19.58
     3.2    -21.25    -23.25
     2.4    -24.92    -26.92
     2.4    -24.00    -26.00
     2.3    -19.42    -21.42
     1.6    -20.33    -22.33
