##TITLE= Parameter file, TopSpin 4.1.4
##JCAMPDX= 5.0
##DATATYPE= Parameter Values
##NPOINTS= 1	$$ modification sequence number
##ORIGIN= Bruker BioSpin GmbH
##OWNER= solidnmr
$$ 2023-06-15 14:02:19.169 +0200  solidnmr@CZC1249Y47
$$ /opt/nmrdata/data_CNRS/solidnmr_2023/900.JT-230612/16/pdata/1/clevels
$$ process /opt/topspin4.1.4/prog/mod/edparproc
##$LEVELS= (0..255)
-194070811487.846 -107817117493.248 -59898398607.36 -33276888115.2 -18487160064
-10270644480 -5705913600 -3169952000 3169952000 5705913600 10270644480
18487160064 33276888115.2 59898398607.36 107817117493.248 194070811487.846
0 0 0 0 0 0 0 0 0 0 0 0 0 0 0 0 0 0 0 0 0 0 0 0 0 0 0 0 0 0 0 0 0 0 0 0
0 0 0 0 0 0 0 0 0 0 0 0 0 0 0 0 0 0 0 0 0 0 0 0 0 0 0 0 0 0 0 0 0 0 0 0
0 0 0 0 0 0 0 0 0 0 0 0 0 0 0 0 0 0 0 0 0 0 0 0 0 0 0 0 0 0 0 0 0 0 0 0
0 0 0 0 0 0 0 0 0 0 0 0 0 0 0 0 0 0 0 0 0 0 0 0 0 0 0 0 0 0 0 0 0 0 0 0
0 0 0 0 0 0 0 0 0 0 0 0 0 0 0 0 0 0 0 0 0 0 0 0 0 0 0 0 0 0 0 0 0 0 0 0
0 0 0 0 0 0 0 0 0 0 0 0 0 0 0 0 0 0 0 0 0 0 0 0 0 0 0 0 0 0 0 0 0 0 0 0
0 0 0 0 0 0 0 0 0 0 0 0 0 0 0 0 0 0 0 0 0 0 0 0
##$LEVSIGN= 3
##$MAXLEV= 8
##$METHOD= 0
##$NEGBASE= -3169952000
##$NEGINCR= 1.8
##$POSBASE= 3169952000
##$POSINCR= 1.8
##END=
