##TITLE= Parameter file, TopSpin 4.1.1
##JCAMPDX= 5.0
##DATATYPE= Parameter Values
##NPOINTS= 25	$$ modification sequence number
##ORIGIN= Bruker BioSpin GmbH
##OWNER= root
$$ 2021-01-10 16:31:29.779 +0900  root@CZC849701S
$$ C:/Users/root/Documents/HK/iProbeCPtest20210109/22/pdata/1/clevels
$$ process C:\Bruker\TopSpin4.1.1\prog\mod\dataserver.exe
##$LEVELS= (0..255)
-44426062439.9646 -30591321161.6084 -21064863258.5278 -14505044151.4553
-9988021438.99456 -6877646922.2816 -4735875616.25532 -3261074333.42932
3261074333.42932 4735875616.25532 6877646922.2816 9988021438.99456 14505044151.4553
21064863258.5278 30591321161.6084 44426062439.9646 0 0 0 0 0 0 0 0 0 0
0 0 0 0 0 0 0 0 0 0 0 0 0 0 0 0 0 0 0 0 0 0 0 0 0 0 0 0 0 0 0 0 0 0 0 0
0 0 0 0 0 0 0 0 0 0 0 0 0 0 0 0 0 0 0 0 0 0 0 0 0 0 0 0 0 0 0 0 0 0 0 0
0 0 0 0 0 0 0 0 0 0 0 0 0 0 0 0 0 0 0 0 0 0 0 0 0 0 0 0 0 0 0 0 0 0 0 0
0 0 0 0 0 0 0 0 0 0 0 0 0 0 0 0 0 0 0 0 0 0 0 0 0 0 0 0 0 0 0 0 0 0 0 0
0 0 0 0 0 0 0 0 0 0 0 0 0 0 0 0 0 0 0 0 0 0 0 0 0 0 0 0 0 0 0 0 0 0 0 0
0 0 0 0 0 0 0 0 0 0 0 0 0 0 0 0 0 0 0 0 0 0 0 0 0 0 0 0 0 0 0 0 0 0 0 0
0 0 0 0 0 0 0 0 0 0 0 0 0 0
##$LEVSIGN= 3
##$MAXLEV= 8
##$METHOD= 0
##$NEGBASE= -242380800
##$NEGINCR= 1.8
##$POSBASE= 242380800
##$POSINCR= 1.8
##END=
